##### 2018/12/2 19:30:30 ##### Type: Tanh
-0.0071204 -0.1313186 0.009217004 -0.03744761 -0.1250374 -0.2912912 -0.2852841 
2.060384E-05 0.09373896 0.3937124 0.002260749 -0.09977972 -0.2032939 0.0868847 
-0.03724765 9.194749E-05 -0.3585916 -0.01470786 -0.06297916 0.08911341 0.2322106 
-0.1230897 0.07809003 -0.4776915 -0.4226863 -0.08268958 -0.3515519 0.3767108 
-0.6922354 0.1366705 -0.04875562 -0.3760706 -0.3803456 -0.1623954 -0.3233746 
-0.01080472 -0.490121 -0.03228054 -0.3773592 0.07999212 -0.08138138 0.4398574 
0.4416241 0.1724084 -0.02667257 -0.01282735 0.3698913 0.004409762 -0.1937674 
-0.5137184 0.09559522 0.1371403 0.1953046 0.0890792 0.4178913 0.4575049 
0.0005300711 -0.3970113 -0.02337065 0.005160338 -0.02285089 -0.4769548 0.3224818 
-0.07380348 0.09042653 0.448882 0.02991301 0.01075224 -0.005165072 -0.002542458 
-0.3404636 -0.2393226 -0.1855425 0.006467405 0.2279597 -0.0007153599 0.4611797 
0.04317566 -0.0440334 -0.02449014 0.04870454 0.004204168 0.4976082 0.2326051 
-0.9682665 -0.009605302 -0.2288564 -0.05316039 0.2235432 0.2460738 0.3803723 
0.1892657 -0.1996993 0.3755099 0.05295523 0.1277377 -0.02669567 -0.02345665 
0.2372 0.06740101 0.1214181 -0.008933111 -0.07233958 -0.4291583 0.2757946 
-0.2673227 2.350693 -0.4697137 -0.02988941 0.4910794 0.2502208 -0.2981691 
-0.1001404 -0.606018 -0.1041693 -0.343132 0.3287177 -0.4331709 -0.8214809 
0.5134419 -0.269277 -0.1334222 -0.2672975 0.603268 -0.2382666 0.02389423 
0.1794697 0.1234866 0.338667 -0.1038135 0.4311823 0.04594662 -0.0003544278 
0.3508521 -0.4961096 -0.001318015 -0.001586643 0.0213398 0.3579011 1.510221 
-0.1314399 -0.07882385 -0.3337901 -0.2725747 0.5445833 -0.03253882 -0.1378886 
-0.05351265 -0.3579797 -0.03448394 0.01643031 0.1929844 -0.03483042 0.233942 
0.2337209 -0.1891671 -0.340707 -0.1228065 0.003166478 -0.03779393 -0.07610529 
-0.3097757 0.6334421 0.2475041 1.104283 -0.3493478 0.3167307 0.4775165 
0.001780024 -0.1410159 -0.1357174 -0.1389346 -0.7394243 0.4535535 6.198829E-06 
-0.00109607 0.6494471 0.002070196 -0.3501787 0.1685265 -0.1719712 1.586082 
0.4618235 0.6723985 0.04814369 1.488705 -0.0002031448 0.000933598 -0.1084879 
0.5462412 0.07734148 -0.1859826 0.4648043 0.09567183 -0.02741538 0.2326973 
-0.08733858 0.3702184 0.2092775 0.2579333 0.1844481 0.3981435 -0.4143227 
-0.2512589 0.02383534 -0.1341626 -0.01393941 0.009399368 -0.7918695 -0.2931083 
-0.04097831 -0.223426 -0.2742718 0.08580883 0.6644093 -0.1166132 -0.3407049 
-0.005411362 0.139613 0.0590844 0.5280306 -0.164643 -0.001917619 0.2468291 
-0.007827286 0.1272048 -0.3845809 0.4987988 0.4100965 -0.01485976 -0.7338094 
0.1095437 -0.1506396 0.09798971 1.067724 -0.6171743 0.03716967 -0.002115037 
0.08187039 0.4371332 -0.6104338 -0.4821582 0.08352572 0.1993957 -0.3850604 
-0.02684749 -0.09325425 0.002939219 -0.03956793 -0.3880249 -0.02593049 0.4123838 
0.1521886 0.04036609 0.2092872 -1.099785 0.1334544 0.2528127 -0.208034 
0.3744821 0.1143514 0.7170594 -0.2604322 0.3842963 -0.0003893817 0.02952825 
0.538496 -0.1023286 0.267151 0.2986809 0.2699827 0.08537894 -0.3786074 
0.0004151043 -0.3663265 -0.3027727 0.01473953 -0.02413346 0.07691247 0.379315 
-0.09135292 -0.0158686 0.1482255 0.3216246 0.07689661 0.4015708 -0.3175018 
-0.1099813 0.2168661 -0.0328247 -0.3434 0.4435322 0.1503199 0.3349343 
-0.3773677 0.001678786 0.4804685 -0.765006 0.2031215 -0.1375313 -0.005288472 
0.2114385 -0.1331574 0.08227647 -0.01786881 -0.2027835 -0.01010115 -0.4176166 
0.02972189 -0.02872938 0.4814611 -0.32638 -0.6581916 0.240404 0.4990051 
-0.0754421 -0.478146 -0.1992654 -0.162856 0.3211819 -0.3301926 -0.317679 
-0.1564248 0.01812452 -0.03173907 -0.2501992 -0.2577138 0.0507906 0.3009153 
0.2405165 0.7485775 0.408338 -1.389028 -0.1301133 0.5932435 -0.02055639 
0.4886714 0.3390613 -0.2129984 1.197857 0.08309663 4.026532E-05 -0.3075502 
0.07163135 0.2140743 0.4667593 -0.4371182 -0.3771256 -0.3372196 -0.2671902 
#
-0.007562071 0.344034 -1.719766 -0.003559855 -0.04782867 -0.4548243 -0.1148342 -0.4519191 0.04282262 0.5325884 0.1959381 -0.1699341 0.3163673 -0.5032836 0.07318345 -0.05853794 -0.004492977 0.009186804 -0.002515556 0.4144794 0.5843092 0.5263122 0.1866683 -0.3027085 0.04993746 0.01445474 0.03171527 -0.5097418 0.4265667 -0.3913783 -0.146949 0.1368362 0.2904648 0.06533748 0.1100468 -0.4624899 0.1490133 0.4022464 0.40177 0.4202451 0.08063966 0.0001258716 0.1149968 -0.1079917 0.5996104 0.4681284 0.08127385 -0.001165629 0.08778685 -0.370813 
-0.2511534 -0.4797537 0.2444872 0.4522394 -0.1167056 -0.02087314 0.0990662 0.2775822 -0.1225599 0.09378868 0.1022251 0.9129454 0.3475293 0.8472249 -0.3102042 0.2399419 -0.3673935 -0.1847288 -0.170515 0.05795604 0.377732 0.006671921 -0.1437503 -0.1451533 -0.1856392 0.2859833 -0.3197107 0.4681039 0.0432938 -0.09375252 -0.0001797842 0.002596542 0.007003861 -0.4496798 0.03048139 0.01162467 0.001212379 -0.01816534 1.222491 -0.433015 0.4920813 -0.3753269 -0.06318291 0.138532 0.2125839 0.2892565 -0.2635579 -0.02245802 -0.009559697 0.01205025 
-0.04951498 -0.586096 0.4911796 0.004560538 -0.04816527 0.008456725 0.690254 0.5198729 -0.4708794 0.3932427 -0.3348333 -0.01116866 0.07317208 0.3939356 0.4791967 -0.4013362 -0.00768832 0.2450846 0.3437021 0.2941655 -0.02807869 0.333578 0.01344051 0.07002701 -0.5771499 0.1127958 -0.005182614 0.4007784 0.08493092 0.04492472 -0.1249624 -0.5027723 0.1247353 0.5418603 0.3051441 -0.2066936 2.501858 -0.4655934 0.1447688 0.4724998 -0.5373049 0.3089287 -0.1268887 0.6642671 -0.2652633 -0.3892791 0.002580464 0.1142734 -0.004299777 0.1739956 
0.1493824 0.4030052 -0.06965844 -0.3974155 -0.5101227 -0.08750518 -0.181733 0.1276642 0.05247979 0.5520317 0.04846906 0.1397274 -0.312675 -0.4705991 0.1226339 0.0786492 -0.2964575 -0.0408203 0.3949491 0.08496898 1.136237 0.4348254 0.0004318519 0.03007987 -0.7722234 0.39099 0.08816162 0.09744013 -0.1326392 -0.06793828 0.9624138 0.001521459 0.7683687 0.1414039 0.06360634 -0.4881094 -0.003747765 -0.1609307 0.006880733 -0.3288238 -0.3932922 0.400318 0.3416526 -0.04661272 0.9404755 0.03222115 0.2142997 0.2958882 -0.2574545 0.008008895 
-0.2306811 -0.104424 0.1067454 0.003545829 0.08828551 -0.3477316 0.01826603 -0.01182098 -0.3538062 0.003287164 0.4753161 0.4427965 -0.1356998 0.07909865 -0.009146064 0.1298116 0.1147184 -0.03866614 4.581037E-05 -0.2370085 0.004272279 0.9339484 -0.2534946 0.5172192 0.1879967 -0.1273374 -0.3044113 0.4779828 -0.3536493 -0.245275 0.1549879 0.4496492 0.1041223 -1.068897 -0.1954573 0.433673 -0.3935809 0.2478262 -0.2658908 -0.4632386 0.8779464 0.001324699 -0.3763007 -1.151155 -0.4343469 -0.06650395 0.6419798 -0.251813 0.06844369 0.006006924 
-0.002312884 0.02411024 -0.4745839 0.1538532 0.000900111 -0.1975181 -0.1424764 -0.4180524 -0.2096579 0.1983436 -0.3102925 -0.01744652 1.207699 0.1037012 0.07604007 -0.4064665 0.2944991 0.7923944 0.02822656 0.4811255 0.112397 0.4443614 -0.08073838 0.3170497 0.1204451 0.008095328 0.0288015 0.3301188 -0.04171385 0.1260414 -0.3329108 0.0079225 0.3149455 0.02590664 -1.156236 -0.1351165 0.4113663 0.4261091 0.291688 0.01426844 -0.3247401 -0.05625606 -0.02446426 -0.1433472 -0.1109384 0.837858 0.7429562 0.5979578 -0.01732618 0.1325968 
-0.1658186 0.04838858 -0.1824179 0.2856843 0.3807695 0.4682949 -0.07148634 -0.05332987 -0.5023515 0.2421896 0.4855349 0.03026921 0.03888338 -0.2291889 0.1055998 -0.456463 -0.4343448 0.1148793 0.3557936 -0.1428134 -0.02063475 0.02112881 -0.1893907 0.1116734 -0.412124 -0.6624819 0.2416671 -0.1681371 0.1297512 -0.1344101 -0.8095718 -0.1160192 -0.02110503 0.1353224 0.4391034 -0.02895652 0.6552022 0.03620781 0.05030689 -0.02345657 -0.2589019 -0.1061349 -0.3717853 -0.08327602 0.4912896 -2.435688 1.482718 0.4234494 -0.09336656 -0.07971503 
0.09530821 0.2050755 -0.3120359 -0.2838358 -0.2510961 -0.1965472 0.01442162 -0.004002044 -0.2900691 -0.1159661 0.3521594 -0.003701985 0.1726321 0.1995033 -0.04802278 0.2733499 -0.02290052 0.03777117 0.03224713 0.6180872 -0.3279421 -0.4833707 0.181619 -0.4544039 -0.1303249 0.1654835 -0.1306527 -0.02389725 0.08010727 0.000669991 -0.2067229 0.184863 0.3819952 0.4942737 -0.1187132 -0.3455269 -0.05558354 0.6485241 0.4915943 -0.09073681 0.05093668 -0.1302383 -0.09239876 -0.1473445 0.2287196 0.3895682 -0.5084947 -0.1734083 -0.3951571 0.36173 
-0.04843697 0.1105088 0.2178868 0.4670998 0.11742 -0.1044472 -0.2276482 -0.3159855 -0.008447859 0.1716256 -0.1909351 -0.393052 -0.09767271 -0.03385386 0.2316886 -0.0208017 -0.06340538 -0.3469088 0.3992184 0.601645 0.6211134 -0.3616889 -0.08452846 -0.3443699 -0.3763496 0.1008096 -0.3884761 -0.3545403 0.7860288 -0.2998133 0.3056344 -0.4544351 0.04501345 0.05655595 -0.02404538 -0.4673179 0.1714361 0.284705 0.03318359 -0.2413761 0.03785263 -0.323418 0.4587557 0.03422752 -0.03030088 -0.4204016 0.3404289 0.4873282 -0.5348156 0.1149585 
-0.3928409 0.1377657 -0.5142583 -0.2213377 -0.0001828212 -0.3272524 0.01122255 -0.08820027 0.3338061 -0.1707647 0.02651933 0.3318195 -0.0006288426 0.1249489 1.067683 -0.1718841 0.459178 0.00829877 0.4357285 0.07799327 -0.5927565 -0.0166008 0.04804154 0.009014294 -0.01378451 0.2603512 0.2633359 0.5364137 -0.2377128 0.01011608 0.319558 0.008980034 -0.05423831 -0.1097463 -0.242049 0.07733971 0.1475576 -0.5069121 -0.009309937 0.2983643 -0.82083 -0.09257261 -0.2813694 -0.2825947 0.4624953 0.002285403 0.4550062 0.3465199 -0.4985993 0.05784282 
-0.0009982837 -0.1841666 -0.4207958 0.1272525 1.250407 0.1896084 0.08886784 -0.03421897 -0.06889872 -0.5477151 -0.542895 -0.3026308 0.08387457 0.02314299 -0.9317728 0.04355854 -0.4250143 -0.1309314 -0.2055578 -0.1011278 0.4947065 0.01740962 0.3537112 0.117567 -0.06831712 0.009293605 -0.2217948 -0.152531 -0.1520495 -0.08903711 -0.172793 -0.6024014 0.3150814 -0.1880365 0.2103333 0.08862418 -0.003772844 0.36379 -0.07623751 0.1522169 0.006382479 -0.1972098 -0.545472 0.5219218 0.3718802 0.02858197 -0.1863136 0.02697801 -0.1807303 0.1279222 
0.2232683 0.03823973 0.3946623 0.1807548 -0.2324137 0.249987 -0.4769348 -0.4797651 -0.1507829 -0.07355148 0.2653266 -0.2424869 -0.2660973 0.4484013 -0.2887028 0.4747852 -0.3487672 0.364298 -0.2758621 -0.3157336 -0.1733124 -0.0455742 0.8776156 -0.1235016 -0.3659764 -0.008869469 -0.006370366 0.3492287 -0.1956897 -0.0008857846 0.1093347 0.08654237 -2.740745 0.1406123 0.1484812 -0.75043 -0.1794251 0.00686859 -0.07836096 0.1845877 0.1563084 -0.1353009 0.06595665 -0.8481501 -0.3959267 0.4161078 -0.03979457 -0.1297335 0.4614112 -0.08416566 
0.6686205 0.04849042 0.0246132 -0.01165841 0.1661441 0.2756113 0.0003038492 -0.6931518 0.2899748 0.020628 -1.010919 -0.1025658 0.5855649 0.08586377 0.05759453 0.07160302 0.08741257 -0.0004254675 0.08764428 0.1408515 -0.08375809 -0.3729076 -0.001920237 -0.05170874 -0.01403343 -0.001365697 0.1030212 0.1153148 -0.484771 -0.3867213 -0.1719217 0.226541 -0.1405615 0.00861896 -0.1169769 0.06475779 0.009337044 -0.2370357 -0.164784 0.261727 0.2946019 -0.1816455 -0.04272421 0.05013941 -0.3198597 0.1694108 0.01433159 -0.09355763 -0.1291062 0.3692415 
-0.4510268 -0.1504117 0.2161507 -0.1143574 -0.4844677 0.4310168 0.8983634 -0.01848674 0.6551418 0.535787 0.1755183 -0.06347686 0.04415188 -0.4884593 0.01569324 0.03126355 0.01845303 0.001064928 0.3823051 -0.1887404 0.0393573 -0.1935238 -0.2781909 -0.002802749 0.1487673 0.4608902 -0.2604009 -0.1617045 0.04876062 0.1478892 0.2251174 -0.2101966 -0.04420418 0.1702281 -0.3444605 -0.07686016 0.0535112 0.003016299 0.01279494 0.01832004 0.4834292 0.1184101 0.1769277 -0.09643668 -0.006676293 -0.1379001 0.2352209 -0.02058583 -0.04966766 0.05436105 
-0.2936509 0.09093648 0.4944173 -0.07555896 -0.2084915 0.004670732 0.3078594 -0.1746165 0.3679465 -0.4662966 0.3824877 -0.08932739 -0.002985912 -0.3868463 0.2714208 -0.4245414 -0.07407409 0.1353233 -0.02808523 0.4615997 0.3706514 0.007526257 -0.4693061 0.4149671 -0.09619579 -0.1362167 -0.4472418 0.4204803 0.301769 -0.2092065 -0.0005324055 0.1079335 -0.7464665 -0.1266298 -0.5075467 -0.3280926 -0.1488965 -0.4587865 -0.3148402 0.2585042 0.07793132 0.1993102 -0.3473644 0.2169129 0.2928597 -0.1586563 -0.2378154 -0.0003438793 0.2304387 -0.04020293 
0.02953004 0.3108754 -0.0080529 -0.1950132 -0.1165301 -0.447244 0.285157 -0.07716404 -0.3894329 -0.4790866 0.0966391 -0.07180316 -0.08866571 0.244786 0.9665132 0.5481341 -0.345628 0.4446613 -0.1079967 0.308501 0.1274623 -0.08719438 0.01195139 0.4177157 0.001277112 -0.1556638 -0.3033125 0.0003254571 0.001019447 -0.2563148 -0.008401801 -0.08653234 -0.28943 -0.06715129 0.04996417 -0.1619284 -0.2389343 0.158481 0.2404371 0.187729 -0.09117433 0.01715307 0.10041 0.02349696 -0.2029311 -0.4835728 -0.2265487 0.1543221 -0.02706359 0.4543788 
-0.08172471 -0.4624937 -0.6903413 -0.2284545 0.1380279 0.4979353 0.08243848 -0.1836852 0.0008818936 0.03218384 0.2193694 0.001297003 -0.1481262 0.02842456 -0.3971076 0.1076309 0.5999193 -0.1636457 0.3237875 -0.5341879 -0.04870553 0.01809945 0.0141172 -0.6744775 0.01479715 0.0200519 -0.007131536 -0.3873744 -0.2821641 0.01473101 0.02872626 0.01411206 0.04423006 -7.414827 0.7818742 -0.2549123 -0.4049004 0.03250153 -0.3843898 -0.3394384 0.4076108 -0.05878188 0.08827847 4.460523 0.07902668 0.1027976 0.3646961 0.1417317 -0.4110454 0.3637285 
-0.03716046 -0.1158478 0.04773477 -0.2311068 -0.005049288 -0.0003688718 0.008030976 -0.2155649 -0.4744267 0.3986139 0.01427863 0.1660251 0.1869402 -0.5560962 -0.04692237 0.3100467 -0.3613311 0.04761952 0.03694839 -0.2750734 -0.2364418 -0.5137414 -0.3138734 0.1244569 -0.6079134 -0.09423221 0.01885206 -0.8078981 -0.4094 0.4746659 0.02333775 0.1449478 0.1702592 -0.3771941 -0.3110483 -0.002906384 0.071657 -0.03458865 -1.8348E-05 0.09772334 -0.1255394 -0.3707443 -0.1978751 -0.9475324 -0.0504052 0.2536321 -0.3387535 -0.1593977 0.4563603 0.375592 
-0.3750417 0.005106293 1.696066E-05 -0.5465463 0.0279963 0.2301991 0.1858034 0.05352185 0.4080844 0.2318057 0.4656277 0.04193022 0.03207948 0.04954594 0.01294695 0.3436668 -0.4475268 -0.5111665 0.4401915 0.4413966 -0.00967665 0.02633327 0.2553596 0.3246298 -0.09096378 -0.3294499 0.4581041 -0.4573833 -0.03753628 -0.838282 -0.6209934 -0.5735663 -0.0003325894 -0.05699519 0.197901 0.002896425 -0.2091565 0.2740668 0.1524994 -0.4827915 -0.322733 0.136807 -0.06947026 -0.2573659 0.005330915 -0.1642213 -0.2156989 -0.02132543 0.009705125 -0.02915579 
2.269849 -0.3236431 -0.3762041 -0.021555 -0.1215922 0.3229429 -0.01513672 -0.4058892 0.1835208 -0.02949876 0.3164082 0.3915154 0.05315685 -0.284933 0.03083528 -0.02269835 0.04161439 -0.1844756 0.09992176 0.2944608 -0.03203863 -0.0370164 0.1989923 0.07179219 0.09859176 -0.02508371 -0.06743759 -0.4885919 0.0001934797 0.3356839 -0.4867343 -0.627938 0.344673 0.4677869 0.02561992 -0.08630413 -0.2595332 0.0602867 -0.3507552 0.2778519 -0.2002656 -0.3067561 -0.4760554 0.4285525 0.6894843 0.02620987 0.1582273 0.7217613 -0.4390175 -1.038296 
-0.06445925 -0.3244753 -0.04813153 -0.05225714 0.01301812 -0.1265829 0.384706 -0.005263983 -0.1640994 0.119222 1.0956 0.3280174 0.08142632 -0.0202621 0.4204293 -0.01536638 -0.1550397 -0.3519398 -0.0679238 0.1878321 -0.1270198 0.2790909 -0.1041715 -0.2422093 -0.193278 -0.0571875 -0.09640325 0.05588245 0.1166914 -0.4003931 -0.1346643 0.1656628 -0.01887322 -0.4721427 -0.0492633 0.3945804 -0.4808745 -0.1393088 0.2619327 -0.3060861 0.03134308 -0.4636865 -4.581308 -0.02014369 -2.277359 -0.3034344 -0.3567836 0.2961476 -0.02710265 -0.04717254 
-0.1121258 -0.3669255 0.02443836 -0.7443437 -1.710485 -0.1153976 -0.002853243 -0.05289663 0.6820704 0.04660373 -0.002119476 -0.03153842 0.2437406 0.006350444 0.8557295 -0.5216761 -0.4447347 0.220235 -0.001174885 0.4394628 0.4672469 -0.06241915 0.2245939 -0.5073172 0.2197713 -0.6371672 -0.2831109 -0.175279 0.3934213 0.1128395 -0.1052143 -0.02719419 0.4416174 -0.05680054 -0.008241702 -0.1295922 0.01050914 -0.2870201 0.211595 -0.4828122 0.06601308 -0.02403917 -0.02895647 -0.02953347 0.2758062 0.1377056 -1.984957 0.3949686 0.03151515 0.01800517 
0.7282296 0.02721514 0.06061305 0.3683704 -0.001923878 -0.3999731 0.2259086 0.01300234 -0.02272047 -0.6029705 -0.28812 0.2575642 -0.1247544 -0.05899696 -0.3980186 0.008027852 0.07875901 -0.2660742 0.3355674 -0.2434652 0.06307501 0.4263396 0.1000828 -0.1532626 0.001495563 0.09406232 0.1223544 -0.2830906 0.3297944 -0.03297743 0.01370816 -0.6785552 -0.03027117 -0.007518157 0.2042891 0.1120913 0.2154049 0.00111595 0.002438109 -0.3053162 0.6111088 -0.6011094 -0.4960302 0.457844 -0.2197874 -0.392857 0.03597171 0.048304 0.04639322 -0.4503905 
-0.01926756 0.6183863 -0.07248498 -0.840526 0.09043712 -0.899999 -0.3227466 -0.9699891 -0.1962829 0.6377689 0.1764352 0.3569785 -0.0002525689 -0.1203806 -0.4131739 -0.4717058 -0.07190724 -0.08507878 -0.002287987 0.2665108 -0.2482558 -0.6724799 -0.2615806 0.1486121 -0.2144596 0.3142294 0.05649883 0.2438698 -0.01045995 -0.1400369 -0.1722319 0.2174248 0.3848493 0.7499204 0.03446322 0.5984856 -0.1209956 0.300174 0.1846595 -0.1081989 0.3450576 0.003309411 -0.3922018 0.1867378 -0.09622448 -0.2696351 -0.0276199 -0.07145896 0.001990516 0.01763118 
-0.3669729 0.04391189 0.839483 -0.6509125 0.07651013 -0.05480618 0.2029842 -0.02255053 -0.08742068 -0.08269089 1.809149 0.377298 0.1108887 -0.2533358 -0.8687593 -0.2091458 -0.07117145 0.4059942 -0.7822567 -0.4599823 0.3841498 0.6591449 0.02284229 0.1171923 -0.2599058 -0.02007359 0.1479235 0.09724289 -0.2073332 0.4904662 -0.2441939 -0.1910313 -0.3937974 -0.1844603 0.6525334 0.3650195 -0.1121806 -0.04273647 -0.04166786 0.2386317 -0.4077935 0.01818648 0.0002364364 0.1142957 -0.01663762 -0.1900564 0.4597336 -0.0143926 0.02914628 -0.0004005071 
0.09976588 -0.04576098 -0.05995295 0.7889469 -0.0813923 0.2410269 0.1024607 -0.00700225 0.005898803 0.07327539 -0.04401702 -0.4095203 -0.4591262 -0.4821973 0.357448 0.4699368 -0.05237529 -0.2077889 -0.05617121 -0.2179418 -0.088507 -0.2700771 0.07390232 -0.7082667 -0.09263709 0.3414495 0.4922161 -0.3855016 -0.3565029 -0.1987623 -0.06846088 -0.2586191 -0.04036643 -0.008095874 0.02053314 -0.3656548 0.1152221 0.4843056 0.3531268 0.4770815 -0.1590251 -0.001909767 0.08845097 -0.08987075 -0.01192604 -0.7475259 0.2039551 0.4635969 0.1528455 0.326503 
-0.3926451 0.1115542 -0.5479326 -0.004291875 -0.1034096 0.02480865 0.661543 0.0002432046 0.4850987 -0.003717045 -0.8679813 0.05453929 -0.2523158 0.02549705 0.002858984 0.06436851 -0.5429962 -0.3435329 0.01572544 0.2941781 0.2780468 0.3112255 0.3293697 -0.4440714 0.1478705 0.3970453 0.8647598 -0.04610784 0.3544548 0.09656315 0.05050898 -0.1965393 0.1331068 -0.02582906 0.2421269 -0.2443994 0.4212157 0.0254795 -0.02155724 -0.07573384 -0.4217364 -0.3603846 0.5972944 -0.4047842 0.02024916 -0.4549938 -0.401275 0.0264137 0.04879156 0.03089928 
0.9818315 0.2590014 0.1726968 0.3765867 0.46764 -0.03365988 0.3317879 0.0435625 0.2396339 -0.1610268 0.3888623 -0.01162749 -0.2397924 -0.2198351 0.4355745 -0.0943138 -0.1301817 -0.8435674 0.1011794 0.03609074 0.3832141 -0.008512975 -0.1246269 -0.3396329 -0.02390613 -0.259863 0.1965852 0.3434106 -0.1274013 -0.01373358 0.02236764 -0.2109098 0.2980669 0.01469451 0.07181539 0.3372325 -0.5234853 -0.03957871 0.05540632 -0.1875553 -0.05173916 -0.3636602 -0.04226739 -0.01180953 1.084139 0.3988751 -0.1539304 0.1211162 -0.04037521 -0.4422716 
0.4061402 0.3772048 0.08923411 0.1848943 0.2573525 0.001603144 -0.001484758 -0.436034 -0.292727 -0.2802597 -0.2964752 -0.1198 0.3503478 0.388933 -0.1257149 0.1440082 0.1701208 0.3178545 0.003086388 0.488989 -0.2075524 -0.2082689 -0.166919 0.08213412 0.2643967 0.06227601 0.3069388 0.3419697 -0.2315322 -0.002463209 -0.1681784 0.08641046 -0.08977872 -0.1106584 -0.3586652 -0.06301095 -0.1438527 -0.04084008 0.03708928 -0.3171862 -0.3194536 0.5123966 -0.1537638 0.01628814 -0.3480662 0.4875392 2.731398 0.001156742 -0.1352163 -0.01906186 
-0.4614067 -0.8558308 0.5255335 -0.4436684 -0.1087004 0.0001426642 -0.07074969 -0.4358921 -0.309435 -0.2608204 -0.02818306 0.1704976 -0.2643365 0.01446259 0.01079382 0.6118054 0.1765898 -0.07526221 -0.3994946 -0.006415419 0.04535489 -0.001665348 -0.4234291 -0.1692593 0.4439965 -0.4785361 0.1155493 0.2174709 0.2483798 0.06263191 0.2865458 0.3580353 -0.3374977 -0.2912961 -0.4276075 0.1809436 0.2903062 0.2322692 -0.2495661 0.2639662 -0.4832339 -0.1674455 0.07578499 -0.03376019 -0.04257679 -0.256862 0.1830263 0.1975757 0.6857824 -0.1171873 
-0.002697313 -0.4012333 0.05573933 0.7528169 0.06981573 -0.5461254 0.4951814 -0.1202574 0.2998724 0.1390562 -0.1207587 -0.08445941 0.07625781 -0.3376034 1.757331 -0.1861695 0.1453393 0.3119977 -0.1359534 -0.0988968 0.2492262 0.01343504 -0.00507042 0.0007312479 0.009807885 -0.1594416 0.04501183 -0.002747236 0.4269096 0.7630835 -0.4086303 -0.1087113 0.346199 -0.125643 0.3281168 -0.1906244 1.101836 0.01819924 -0.1430134 -0.004684154 0.1884117 -0.02515656 -0.5758103 -0.06325126 0.5416399 -0.003847048 0.1015039 -0.4577419 -0.069841 -0.683714 
0.1163133 -0.4996818 -0.0695563 0.457563 -0.4173207 -0.04816502 -0.7814054 -0.3148831 0.001000026 -0.2710254 0.1541528 -0.3919873 -0.08837057 0.04052057 0.7440631 0.1154264 0.1805705 0.1134343 -0.6183481 0.1534832 0.3223789 -0.1972727 0.3502358 0.01950858 -0.005955985 -0.04899472 -0.2615154 -0.2286635 -0.213322 -0.1846552 0.02723087 -0.1711875 -0.3553067 0.2524285 -0.1666104 -0.2042863 -0.1295709 0.04292494 0.3283697 -0.2129426 0.0001998677 -0.03013427 0.1541009 0.02044445 -0.4076012 0.3022503 0.7334511 0.5369242 0.07530703 0.2891734 
0.03710481 -0.452455 0.3095407 0.4793947 0.5827039 0.1433688 0.6542228 -0.0009508313 0.006897022 -0.09466093 0.1879348 -0.4998138 0.09377307 -0.0006332994 0.2849685 -0.01234806 -0.5025167 -0.06505042 0.3552094 -0.2013797 0.3439314 0.1295999 -0.3073227 -0.6236285 0.07761313 0.03385653 0.3032696 0.1528107 -0.2310048 1.463138 -0.05430287 -0.2171513 -0.1483689 0.07940375 -0.03903386 -0.1199622 0.106063 -0.6233211 -0.1901373 -0.06806701 -0.2063122 -0.4419796 0.374133 0.5575751 -0.4319842 -0.02600458 -0.6384463 1.126583 0.07861088 -0.3636141 
-0.2487537 0.1084068 -0.08472985 -0.09484677 -0.1357376 -0.07057931 0.04154336 -0.359037 -0.007920478 0.2924947 -0.2535804 -0.2779645 -0.368214 0.1022034 -0.00160891 -0.3812742 -0.6389943 0.1959237 0.410947 0.1934922 0.004026245 0.09551356 0.7516509 4.776534E-05 0.3389318 -0.2005118 0.3063868 -0.3802083 -0.4490777 -0.0003654808 0.5017313 -0.09589196 0.8394126 -0.03006225 0.08649749 -0.1895995 -0.006026642 -0.05164501 0.01164314 0.4012122 0.05926457 -0.2799754 0.02143937 0.4752029 0.04649858 0.5122916 -0.003053691 0.03323111 0.008210429 -0.5102612 
0.1441271 0.2970053 -0.08276054 -0.3520623 0.441017 0.05685073 0.4398456 -0.2918586 -0.1786797 -0.04811042 -0.03707187 0.3324074 0.3288921 -0.6171829 -0.1626328 -0.1156609 0.3500148 -0.005067308 0.318123 0.1188038 -0.00467765 -0.2028676 0.04373759 -0.135129 -0.01364122 0.2712656 -0.3903785 -0.04296486 -0.3965214 0.03547021 -0.1992951 -0.4760687 2.789934 -0.327067 -0.002819849 0.002246905 0.6946154 0.04122239 -0.03582938 -0.1805067 -0.4501921 0.2468928 0.07195882 -0.4094167 -0.1943888 0.8052364 0.02879794 0.001535748 -0.07798883 -0.1031719 
-0.5155835 0.08338013 0.4883673 0.01055069 -0.25212 -0.01571968 0.02017966 -0.1927943 -0.5219257 0.1331374 -0.1271114 -0.4018643 0.4449807 -0.4961158 0.05967432 -0.1369027 -0.2998698 -0.5657823 0.2521863 0.2918391 0.05573726 -0.217296 0.4043993 -0.04882509 -0.4382668 0.03673647 0.6347247 -0.009314867 0.1867072 0.02679923 0.1719807 0.2749468 -0.2591907 0.8609716 0.125825 -0.01904607 0.1091039 0.2705256 -0.01165231 -0.000594819 6.062466E-06 -0.02994031 0.04483503 0.05486275 0.4052156 -0.05306008 0.7845143 -0.01381283 -0.06827894 0.2814563 
0.1564575 0.6667852 -0.03388244 -0.3446102 0.06894641 0.1653903 -0.1096823 -0.2592545 0.06024879 -0.3291643 -0.1552451 0.2533519 -0.004635997 0.1094504 0.7924173 -0.4103293 -0.1455018 0.5626101 0.6133235 -0.2119268 0.01750128 0.1623725 0.1499871 0.04027456 0.4046448 -0.4905983 -0.04697723 0.04042325 0.4484015 0.1341261 0.0261178 0.4362452 0.1348134 0.1521673 0.09904663 0.09420592 0.0475495 -0.005278213 -0.08959135 0.02254812 0.1125818 0.04965182 -0.3900898 0.1795587 0.1942207 0.0538653 -0.6062514 0.1668082 0.3048473 -0.04580141 
0.001671538 0.003745135 0.4910066 -0.01994175 0.7296997 -0.1715293 0.0119268 -0.1490996 -0.03523516 -0.007628799 -0.00496192 -0.2738923 -0.005525033 0.3311995 0.001140604 0.01549982 -0.03334058 -0.7286451 -0.004374567 0.4389813 -0.4429934 0.4310698 0.2270927 0.1956221 0.1365579 -0.5819001 -0.2347959 -0.6251932 0.1054884 0.005550039 -0.03918695 0.05881462 -0.02623672 -0.6463308 -0.01320234 -0.1653734 -0.3664984 0.03556444 -0.4940435 0.2991403 -0.7956223 -0.3674299 -0.06249098 0.3752142 -0.1221949 0.03143545 -0.1337717 -1.090739 0.2635329 -0.2066019 
0.4904518 0.3521992 -0.3178275 0.4409966 -0.05703227 0.413676 0.0301922 0.2516562 -0.0005074197 0.4662172 0.4280739 -0.4748987 -0.4407333 -0.006554276 -0.4576504 0.002138384 -1.361133 0.4456533 0.4046789 -0.2669256 0.1193249 -0.01120585 -0.1757211 -0.782155 0.4066143 -0.006981255 -0.07530953 0.03881957 -0.4082347 0.08991747 0.8620272 -0.08761925 -0.1252877 -0.04294287 0.3487362 0.04082423 -0.01842132 0.02574003 0.06897157 0.1113618 -1.565209 -1.147933 0.5427605 0.3595227 -0.2550393 0.09909676 -0.0248844 -0.01306874 0.217803 -0.1704208 
0.2597091 0.4589043 -0.0272542 -0.2605812 0.06405753 -0.921477 -0.2855488 0.3407056 0.01053106 -0.001934841 -0.2539153 0.2816955 -0.04568975 -0.05734688 -0.0142048 0.02665391 0.04652566 0.1422112 0.1350492 0.3810982 -0.2183707 0.01064075 -0.3020028 -0.05610073 0.7013496 -0.05112894 -0.1261401 -0.3827145 -1.065885 -0.443122 -0.4619583 0.3843507 0.04201562 0.2140189 0.1433194 -0.03199073 0.436774 -0.1727225 -0.02999419 0.4728543 0.3209728 0.04008594 -0.4502784 -0.4725393 0.03053462 -0.1138457 0.2912523 -0.7053737 -0.06717592 -0.02664086 
0.1615382 0.1611214 -0.1550404 -0.04457497 -0.003295102 -0.08096713 0.1729115 0.0684939 -0.1430084 -0.773515 0.01719534 0.3213233 -0.02920339 0.05301182 -0.437057 0.244677 -0.2526743 0.7062264 0.06611651 -0.194016 -0.3051289 0.4668748 -0.2190496 0.387925 -0.06512032 1.350025 0.0007326716 0.4038601 0.1941738 -0.4810979 -0.1209674 0.004796191 -0.003712468 -0.07338723 -0.3185582 -0.4695736 0.03883497 -0.3316821 -0.1386756 0.2597736 0.1545746 0.8552331 0.3292283 -0.6577365 -0.2183515 -0.1833751 0.03085588 -0.0009385693 -0.01725831 -0.06591896 
0.527264 -0.044329 0.3703442 0.285819 0.0043245 0.1040184 -0.4313221 -0.7553578 0.04488128 -0.349942 0.2740335 0.07495493 0.06581539 0.3538687 -0.1318613 1.137335 -0.08373898 -1.101149 -0.4065229 0.4314681 -0.03261882 0.1526185 0.2667589 -0.2383935 -0.4453107 0.2624012 -0.05652947 0.4821724 -0.3982131 -0.09170558 -0.02363738 -0.03202833 0.5187004 0.3512782 0.2897881 0.1886604 -0.4512652 -0.3241632 -0.1429539 0.07903565 -0.006937444 0.3575839 -0.1468563 -0.05613273 -0.1258473 0.0002592462 0.2201434 0.0153058 -0.288406 -0.06229158 
-0.3408316 0.01223643 0.017128 0.1852274 0.2401607 0.359311 -0.0111435 8.424172E-06 0.05323893 -0.1418161 -0.4833564 0.4666901 0.6367825 0.0009287566 0.4194943 -0.1716995 -0.1164391 -0.4206957 -0.03831917 0.3514028 -0.2822967 0.1680111 -0.1066949 0.003527125 -0.1337807 0.2378394 -0.1147045 0.1272565 0.218925 0.04339808 0.1175874 0.2326376 -1.05596 0.2117478 -0.4028282 0.559369 -0.4538819 0.02624103 0.2074889 -0.1338357 0.4174131 -0.9007459 -0.0001745488 0.04150595 -0.2507786 -0.1869535 0.5941092 -0.3533342 -0.07631963 0.3295155 
-0.2529771 -0.0844155 -0.2723099 -0.1412355 0.1253861 -0.3177097 -0.03404967 0.2772307 -0.05513082 0.005406043 0.3690996 -0.7699386 0.3611995 0.1831999 -0.2771978 -0.0720243 -0.00545815 -0.04646121 0.3254104 -0.06529169 -0.4171645 0.0409382 0.005240253 -0.4772274 -0.4267944 0.4727364 -0.3163913 -0.3662219 0.05664195 -0.002529178 -0.1699461 -0.3623958 -0.3641731 -0.6122614 0.007566367 0.1693977 -0.1992291 -0.05881513 -0.08091581 -0.3449107 -0.01145253 0.1371293 -0.4368395 -0.4676648 -0.2637473 -0.03430165 -0.6080442 0.2107073 0.03515419 -0.4204458 
-0.2511001 -0.207173 0.2956606 0.01310527 -0.005220213 0.305169 0.08513492 0.09691887 0.009285702 -0.4886109 0.01772522 -0.06893864 0.02253485 0.03327373 0.04005405 0.08639397 -0.5642876 -0.02175418 0.6807057 0.4881577 -0.3503246 -0.2014608 0.4493583 -0.08890455 -0.1639252 0.3960793 0.8494704 0.2705936 0.4473875 0.2748553 -0.188407 -0.1402821 0.4502504 0.1161892 0.2750408 0.1774052 0.04102384 0.33366 -0.320856 0.1002172 -0.3332256 0.04759201 0.2402758 0.2575774 0.2481325 0.0007071294 0.4801096 -0.02245877 -0.1335575 -0.1139659 
0.01588462 0.005735545 0.3736868 0.3752749 -0.06268188 -0.3507364 -0.6344047 0.04399461 0.7513419 0.06533699 -0.1935638 0.6333005 0.6458875 0.4056792 -0.04722589 -0.01793977 -0.6058011 -0.4919378 -1.533597 0.04955477 -0.02418846 -0.02481449 -0.268272 0.3038959 -0.02389842 -0.1759898 -0.6783011 0.1154875 -0.124129 0.1468266 -0.1305048 0.09180592 -0.3522824 0.473416 -0.4901546 0.1454849 -0.4507126 -0.1263755 0.3376746 -0.369381 0.2765075 0.04736107 0.4897576 0.2438411 0.4924494 -0.776077 -0.1970909 0.01917895 0.2716247 0.2255355 
0.1315108 0.2706351 0.4234852 0.1143924 0.3898979 -0.479333 0.0709556 0.2295891 -0.06221729 -0.07702746 -0.07059299 -0.02710895 -0.03778534 0.1963045 -0.2979114 -0.217485 0.1502276 -0.01454824 0.07671352 -0.03061832 -0.4703128 0.001273556 0.4612499 -0.1376577 0.919274 0.3282393 0.02961492 0.3961498 0.0120583 0.1464529 -0.01267532 -0.1016352 0.3653435 -0.0003654904 -0.04002136 0.1047873 -0.2525988 -0.1298369 0.0007115198 0.1642242 0.1764674 -0.08458679 0.1694868 -0.5558195 -0.0808 -0.2453388 0.001407956 -0.1055076 0.1653863 0.3219333 
0.0008373659 0.1272693 0.1887377 -0.01496814 0.04040259 0.5305887 2.841032 -0.2316501 -0.4170303 0.1826373 -0.4662341 0.3038269 0.6137944 -0.1466973 -0.0308803 -0.000139688 -0.1387873 0.03809405 -0.09529274 -0.4523572 0.458456 -0.004408155 -0.397874 -0.187363 0.02323014 -0.2219296 0.3869545 0.7499035 0.04039017 0.02253492 -0.195169 -0.1924933 0.1006934 0.1110171 0.7387461 0.07246774 -0.6431863 -0.1133654 0.2165878 -0.009761069 -0.3479239 -0.3790199 0.3090482 -0.07999012 0.765239 -0.2135652 -0.06500123 -0.4721094 -0.2260256 -0.02248842 
-0.06750719 1.532924 -0.01859373 -0.1086534 -1.712568 0.3242119 0.5525711 0.4825717 0.0606844 0.2556672 0.06493241 0.4623834 0.437927 -0.03062676 -0.3718841 0.9749939 -0.06306284 1.417335 0.5300217 -0.3907295 0.03239609 -0.3537916 0.03210782 0.1264114 -0.1895947 -0.2856811 0.09993336 0.02742302 -0.6560294 -0.4108869 -0.8921183 -0.09280327 -0.3625058 -1.336965 -0.434684 0.5457296 0.2254005 -0.1571938 0.02712927 0.03195755 0.2832073 0.01838193 -0.03738388 0.141558 -0.1315838 -0.01324922 1.305913 -0.04888409 -0.02739578 -0.08272249 
-0.01675154 -0.1408337 -0.1019087 -0.592397 0.363042 0.1227683 -0.1658152 -0.1322092 0.4116944 0.19946 -0.1881882 0.314638 -0.1517156 0.03672963 0.02168283 0.153146 0.1722649 -0.4518141 -0.008061255 -0.3272896 -0.3929544 0.2777763 -0.0813573 0.3833238 -0.001498725 -0.329885 -0.02802268 -0.2260969 0.4247191 -0.4451008 -0.9602007 -0.3452196 0.006188558 0.07418659 0.1182046 0.006676081 0.2669953 0.02383946 -0.2295385 0.3295424 -0.2884427 0.1705963 0.0317356 -0.05216005 0.3886194 0.005653083 -0.1043608 -0.1244641 0.08265708 -0.2402833 
#
0.2102956 0.469697 -0.1911017 0.7260367 -0.6443847 0.4172996 -0.1327067 -0.1859524 -0.1673941 0.1167703 -0.3220541 -0.1167066 0.708156 -0.0037903 0.002837793 -0.0364031 -0.431888 -0.7348373 -0.2676679 -0.3844452 0.3137336 -0.009242475 0.1889456 0.1814093 -0.07453614 -0.01029033 0.4333638 0.07838029 -0.3642851 -0.7816178 -0.5154393 -0.4914833 0.1196242 -0.592923 -0.07730848 0.2098688 0.002023966 0.1800262 -0.3265914 0.3879697 0.06228346 -0.3034058 -0.2704767 -0.2025148 -3.143018E-05 -0.3355182 0.4756047 -0.1397641 0.0004475299 0.02054369 
0.2306482 -0.1522962 0.1725632 -0.07907079 -0.2885641 -0.1085721 -0.96119 -0.14824 0.02047138 -0.5155662 -0.1697927 -0.01244267 0.006769258 0.7328708 0.2292454 -0.02492234 0.04391546 -0.1810507 0.1144444 0.005411446 -0.3738164 0.5552764 0.3559213 0.4670532 0.4376693 -0.1649403 0.04240162 0.07038945 -0.1418258 -0.0301002 0.008275433 0.3320829 -7.322289E-05 0.1297846 0.8627234 0.03783926 -0.01012888 -0.1805506 -0.1385843 0.1956083 0.1163028 -0.001697644 -0.003255891 0.5895925 -0.4907184 7.991536E-05 -0.04407721 -0.1272696 -0.9692184 -0.4603001 
#
##### Level: 4  Time: 422.6667 #####
##### 2018/12/2 19:30:30 ##### Type: Tanh
