##### 2018/12/2 18:27:22 ##### Type: Tanh
-0.003949478 0.1263073 0.1379266 -0.03222386 0.07968241 -0.1218673 0.2143969 
0.0004112036 0.05870315 -0.05617772 -1.192213 -0.1734049 0.2448733 -0.006943364 
0.02242995 0.164091 -0.04860729 -0.2343922 0.00261556 0.3407937 0.14079 
-0.2711174 0.04484994 0.2441671 0.2870431 0.1364165 0.1828034 -0.3767108 
0.4037156 0.086927 -0.09222709 0.01885968 -0.416399 -0.1657136 0.4290413 
0.0058362 0.034489 -0.01759765 -0.3487204 -0.07999212 -0.08138138 0.009706741 
0.001813471 0.4544758 -0.4270192 0.01282735 -0.01024535 0.006173959 0.04483468 
-0.3110694 0.1205161 -0.07433812 2.019738 0.4109331 -0.3717947 0.1315501 
-0.0004009604 0.3248152 0.1897512 0.01054283 0.02903162 -0.3913237 -0.4489164 
0.1920795 -0.3371898 0.1351903 0.05526647 0.2238694 -0.05266683 -0.04731194 
0.2056799 0.3014445 0.397213 0.2116397 -0.3314896 -0.002531011 -0.5934737 
-0.3693292 -0.03192872 -0.02688141 0.2514197 0.02784426 0.401818 0.2063295 
-0.2618045 -0.4424818 0.06223636 -0.05622796 0.700334 -0.01444385 -0.3657857 
0.09545995 -0.04806033 -0.6094197 0.4733446 0.08470295 -0.04265493 -0.1415404 
-0.2372 0.267218 0.1810929 -0.01460042 0.03647242 0.2128646 -0.163301 
-0.02915378 -2.186334 0.01057376 0.3900385 -0.1270304 0.1223519 -0.4906974 
-0.4910851 0.606018 -0.2300543 -0.1550071 0.1350409 -0.2474816 0.7443669 
-0.3913105 -0.5463073 -0.09581624 -0.04795635 -0.2737711 0.2156839 -0.07102805 
0.1673071 -0.383715 -0.09366658 -0.1038135 -0.2639486 0.08640508 -0.0008147694 
0.2192137 0.9880046 0.001318015 -0.004728546 0.03608853 -0.3579011 -0.03479603 
-0.09823599 0.3937814 -0.1572716 0.1065629 -0.6891606 0.03283102 -0.07139747 
-0.2252101 -0.06136982 0.069341 0.02785202 -0.5066729 -0.1427791 0.2682972 
0.01614021 0.1891671 -0.6811241 -1.219444 -0.005202455 -0.4132636 -0.410834 
0.272036 0.4939312 -0.3304342 -0.3216321 0.5068465 -0.01909184 0.5286565 
0.002953068 -0.2008349 0.1001267 -0.1312162 -0.4788578 0.4535535 -0.0005119471 
0.117973 -0.3723752 0.001741682 0.2757484 0.09951004 0.1369723 0.8560072 
-0.05104869 0.2148608 0.6960332 -0.7948886 0.0008476092 -0.08875374 -0.4796621 
0.3449056 0.1043659 -0.189759 -0.3481148 -0.09567183 -0.09898001 -0.08637732 
-0.3037229 0.3702184 -0.4039177 -0.3125501 0.3313067 -0.7959909 0.0254362 
0.1410179 0.5728617 -0.0483457 0.007016302 0.430222 -0.2014688 0.09928863 
0.1545685 -0.3639573 -0.2742718 -0.01077645 0.4176948 0.08692577 0.03381065 
-0.06062224 0.1085995 0.0590844 -0.5280306 0.11763 -0.02546065 -0.167708 
0.0869277 0.1428444 -0.4292556 -0.4651477 -0.2260094 0.1087425 0.2140635 
0.2536169 0.09941326 0.3492299 -0.5587198 -0.3831034 0.1435653 -0.02262276 
-0.2770385 -0.2031608 0.418015 0.2006885 0.2280241 -0.1298155 -0.4936013 
-0.1525305 -0.1309467 -0.002939219 0.03875521 -0.1636537 -0.2611823 -0.3252771 
0.02960287 -0.1766866 -0.1100269 0.07898277 -0.0454725 -0.2528127 -0.1938816 
0.3050427 -0.1330673 0.4428445 -0.1183463 0.9428748 0.008037388 0.08530159 
0.150144 -0.03710725 -0.3924108 -0.06835395 0.263257 0.08537894 -0.9577857 
0.009376742 -0.08427037 0.4196736 0.01473953 0.2082783 -0.199267 0.700451 
0.2861785 -0.2317457 0.661745 0.4933103 0.005387513 -0.2259302 -0.774203 
-0.1099813 0.1065232 -0.2489496 -0.3434 0.3873054 0.07021134 -0.1858176 
-0.8567209 -0.01661558 -0.4615717 -0.2818244 0.06806655 -0.01740004 -0.01548111 
0.02397478 -0.03176289 0.0650571 0.1070988 -0.1124443 0.1700931 0.4191289 
0.1778819 -0.0386178 0.4101605 -0.32638 -0.3118683 -0.1351653 -0.4990051 
0.07226259 -0.1108955 0.1386252 -0.1155781 0.1444317 -0.5306179 -0.7154627 
-0.1154245 0.01124626 -0.256451 -0.404773 0.3258698 -0.008698119 0.5836732 
-0.2326933 0.3585543 0.4769194 -1.286793 -0.1697561 0.2792556 -0.4777867 
0.003338841 -0.05181811 0.1976186 -0.7187397 -0.02803832 0.007530294 -0.3444369 
0.2353637 0.08813512 -0.7519658 -0.4960748 0.3378013 -0.4894218 -0.290197 
#
-0.462927 0.2696576 -0.3971136 0.005469071 0.1767109 -0.06731826 0.6793366 -0.3486412 0.1926741 0.3977358 0.0252328 -0.3960259 0.1762798 -0.2961592 0.4631523 -0.1155577 -0.003956302 0.009186804 -0.04047136 -0.2468823 -0.00912565 0.1690508 0.3090132 0.3027085 0.1785114 0.2521274 0.1682304 0.2996193 -0.3474808 -0.2360763 0.5783696 -0.001244995 0.2320582 0.01451281 0.3685789 0.1452539 0.06374168 -0.1136593 0.008836646 0.03393952 0.3337377 0.4668618 0.07532334 -0.2083719 0.3837734 0.4992439 -0.4652886 -0.01320818 -0.006753074 -0.8349025 
-0.170122 -0.4066623 0.1226025 -0.2687964 0.1167056 0.03267725 0.05907422 0.09568908 -0.7669289 0.2440232 -0.3186353 -0.8017749 0.3123358 -0.4938715 -0.1727074 0.615427 -0.01723211 -0.2750257 -0.1503282 0.05795604 0.07068701 0.006671921 -0.07859303 0.2802659 0.01148349 -0.2859833 -0.4133989 0.1081498 -0.03578642 -0.0529002 0.07118434 0.006021903 -0.08506355 0.2193194 0.03980374 0.02731861 0.001743863 0.005681045 -1.222491 0.1010963 -0.03890271 0.3753269 0.6782234 -0.05924191 -0.003143552 0.1196279 -0.2824847 0.02107971 0.009986223 -0.08851725 
0.03904361 0.5365642 -0.3267804 -0.09893811 0.1225124 0.006952874 0.5548117 -0.5198729 -0.41756 -0.2741693 -0.432996 0.180713 -0.1553934 0.7858489 -0.03209168 0.2737044 0.009002901 0.3010166 0.04863493 -0.08709742 0.01620454 0.005247792 0.03716845 0.09971712 -0.5771499 -0.2165415 -0.008341901 0.1049524 0.07027584 0.1764117 -0.2436225 -0.3784827 0.3260279 0.2672681 -1.515056 -0.2375725 1.265746 0.03203592 -0.1447688 0.2774339 -0.2166957 -0.3089287 0.1495105 0.1233076 0.02977752 0.1687119 -0.2035725 0.4192325 0.006756365 0.191049 
-0.1053129 -0.04362134 0.02505562 -0.1463436 -0.4206697 0.2503543 0.181733 0.1974939 -0.1391881 -0.3775524 0.3313305 -0.1397274 0.1214121 0.2276891 -0.1941937 -0.06098903 0.175876 1.123098 -0.2076874 -0.04071921 -0.4345505 -0.0601781 0.0005179397 -0.08803744 -0.3843254 -0.205373 -0.07162921 0.09744013 -0.8013794 0.09009672 -0.9624138 0.0007777427 -0.04245836 0.3255047 0.4423555 0.943498 -0.0250437 -0.04507908 0.1465676 -0.1791362 -0.08830438 0.9234377 -0.6227583 -0.1102108 0.4054688 -0.4207113 -0.3378518 -0.2040337 0.2574545 -0.004222353 
-0.6395285 0.06758687 0.2054543 0.01473418 -0.04243618 0.07918094 0.1216914 -0.01009533 0.3538062 0.02647144 -0.4118905 -0.4427965 -0.04356166 0.1386403 -0.1896249 0.1563651 -0.169585 0.06000651 -0.007740664 0.1618527 -0.004272279 -0.6394798 -0.8616863 -0.2364831 0.004198172 -0.09823412 -0.3090201 -0.05381411 0.2904693 -0.3769634 -0.1983454 0.2922388 -0.1041223 -0.4825407 -0.1878417 -0.1481363 0.09521967 0.4646876 0.1528593 0.4632386 0.04300467 0.00153446 0.3292608 -0.728612 -0.3415232 -0.2584414 -0.4969079 -0.3011631 0.185477 0.03902614 
0.02387469 -0.1617876 -0.4404317 -0.05581874 -0.003236592 -0.1040646 0.1149704 0.01319821 -0.07796095 0.04172468 -0.06787348 0.01837609 0.4186164 -0.6215715 -0.1317105 -0.03663657 -0.1525413 -0.126711 -0.06821662 -0.1196766 0.225525 0.0463203 -0.05591453 0.2152134 0.3210553 0.2040207 -0.1284739 0.1581334 -0.315341 0.274435 -0.4867926 0.01241753 -0.4401319 0.2767336 1.156236 0.1492476 -0.1002829 -0.3213052 -0.291688 -0.1694244 -0.03980869 -0.2593649 -0.03131548 -0.214508 -0.1028919 -0.4784799 -0.856079 -0.1401106 0.4437889 -0.07940081 
-0.3356432 0.06173605 -0.1424235 0.2822174 -0.07268042 0.03092843 -0.7335199 0.06479342 -0.4494665 0.1987721 -0.1344582 0.01505496 0.05226964 0.2747524 -0.1751409 -0.4758146 -0.07028759 -0.288618 0.2799054 0.03088087 -0.0007957569 0.0755149 0.1827013 0.1451411 0.03225786 -0.6624819 -0.1546966 0.3224125 0.1338629 0.3497627 0.4297483 0.1251098 -0.02672486 0.02703485 0.1679476 -0.01661339 0.6209733 0.07776835 0.2513047 0.06682528 -0.1917158 -0.4015422 -0.721534 -0.4419494 -0.05469865 1.400622 -1.187899 -1.957585 -0.6414297 -0.1419026 
-0.09530821 -0.001484634 0.2694988 0.3030227 -0.04619716 0.1568041 -0.02485472 -0.003756702 -0.6432456 0.09913534 -0.3295768 -0.06707767 0.2321993 0.1367436 -0.1343006 -0.1350735 0.04103325 0.375508 0.03224713 0.01920516 0.4791834 -0.2052315 0.4738319 -0.4362253 0.7276851 0.004337609 0.1619761 0.06003436 -0.3480957 -0.0195625 0.2891665 0.3419458 -0.6243225 -0.04582879 -0.1292423 -0.9423684 0.5061576 -0.1729268 1.649788 0.09073681 -0.02956211 0.3449044 0.2112812 -0.1473445 0.139626 -0.01390989 -0.2906758 -0.4103663 -0.2014284 0.242705 
-0.1204279 -0.0793007 0.1883692 0.05664015 -0.06793783 0.2905185 -0.0003286007 -0.3735871 -0.1268847 -0.1048904 -0.1364346 0.08216757 0.3502123 -0.1672883 -0.3265311 0.02390165 -0.140202 -0.04123694 -0.1982821 0.392482 0.02582168 0.4890767 0.08452846 0.1323891 -0.4957981 0.07426787 -0.3638225 0.3545403 0.50883 -0.5054733 0.0212503 -0.158747 0.04501345 0.03853501 0.08424348 0.2288164 0.08591674 0.3636025 0.0191599 0.4780995 -0.02913135 0.2356469 0.4587557 0.03046285 -0.01599156 0.06178771 0.2780338 0.1317938 0.3766909 0.1808431 
0.005635441 0.1377657 0.3066286 -0.357392 0.0001828212 -0.7838158 0.02081579 0.05787606 0.2074447 -0.05873075 0.1677129 -0.3381 -0.1226178 0.08487988 -0.5565757 -0.1108471 0.1531288 0.01682112 0.3843775 0.180808 0.2579274 0.08471051 0.04804154 -0.08582765 0.05815154 0.2603512 0.4493412 -0.5364137 0.1729352 0.3380658 -0.319558 0.03955397 -0.02915379 0.2771365 -0.07937109 -0.2751331 -0.2060791 -0.04564496 0.0138381 -0.1192486 -0.001951613 0.09257261 0.2212324 0.2825947 -0.4624953 0.001739957 0.1482788 -0.3465199 0.4711323 0.4234725 
-0.003872413 0.1613555 -0.2916386 0.08571714 1.442907 0.4066827 -0.04656764 0.06479719 0.1220639 0.04877979 -0.2924759 0.1601423 -0.1033847 0.1081607 -0.8829654 0.3893617 0.266888 -0.1710319 0.4702215 -0.329956 -0.3161888 -0.0700812 0.2413562 0.1633706 0.6431733 -0.008881128 0.1172749 -0.0948469 0.1370315 -0.07721079 -0.06277958 0.6024014 0.03339915 0.3728946 -0.679831 -0.01192123 -0.1433857 0.2591002 -0.04197866 0.003743447 -0.09795977 0.004145527 0.4952698 -0.3093912 -0.02254742 0.02948666 0.2610536 0.02392977 -0.2378422 -0.1368952 
-0.2603408 0.1069833 -0.4662371 0.7420279 0.4654782 -0.2046774 0.2939191 -0.05203789 0.2083278 -0.07355148 0.2653266 -0.4260694 -0.5477061 0.1120571 -0.2652697 -0.417238 0.3487672 -0.1288456 -0.613547 -0.2114763 -0.03065841 -0.04200727 0.165937 0.2125393 -0.3029281 -0.02091982 -0.6226233 0.166121 0.8493395 -0.002030724 0.09163209 0.07267582 0.9852744 0.3372938 0.3840978 0.199251 -0.3981473 0.008210623 0.1602217 0.1931721 0.2845204 0.1353009 -0.3144628 -0.2617998 0.03527635 -0.0830754 -0.03745633 0.1297335 0.03051332 0.05744129 
0.299312 0.1481339 0.08092615 -0.4524692 0.02005748 0.2256814 -0.004971327 -0.03802305 -0.2365193 0.07396415 -2.049582 -0.1427092 -0.3162154 0.2597598 0.2754103 -0.1977579 -0.05571038 -0.1064936 -0.08764428 -0.02981966 -0.2756962 -1.276685 0.002075775 0.03350346 0.10917 0.1993986 -0.01685703 0.08668321 0.1074505 -0.2730384 0.316717 0.1199123 -0.6288245 0.2179328 0.1210049 0.4468734 -0.195839 0.3525047 0.160568 0.4099847 -0.2946019 -0.1282815 -0.01358713 0.3798208 -0.6816239 -0.05954617 -0.01433159 -0.2705305 0.1724736 0.1480396 
-0.2040034 0.07821709 -0.2041365 -0.0004903038 0.2867893 0.3862195 -0.5702526 -0.01110186 0.2581449 0.4788086 0.1095577 -0.2845975 0.04016787 -0.2801533 0.04306992 -0.1413569 -0.01057754 0.1345396 0.1941986 0.06089216 -0.0393573 -0.07107426 0.002108179 -0.1868798 -0.3544777 -0.09663646 -0.01048219 -0.2175644 -0.01577901 -0.08838303 -0.2284595 0.2893337 -0.3251356 0.3110846 0.3094232 0.1713917 0.2945888 0.1167345 0.02915248 -0.01832004 0.4559843 -0.1475385 0.04901044 0.2124014 -0.01881284 -0.0221138 0.3519156 0.8583758 -0.3329421 -0.4437511 
-0.2510922 -0.04650732 0.4674853 0.3694527 -0.11374 0.004670732 -0.07170544 -0.1345306 -0.2006424 -0.1692964 -0.2536594 0.3613524 0.01801105 0.4729284 -0.2703582 -0.04004475 0.379745 -0.124662 -0.003108074 -0.2713885 -0.2697468 -0.2945284 -0.2411436 0.01903278 -0.01532126 -0.23611 0.4472418 -0.787089 -0.4778281 -0.1413569 0.007618606 -0.3931841 0.006573485 -0.06742329 -0.5048902 -0.4255732 -0.22973 0.5085098 0.4652935 0.3156684 -0.198796 0.09886958 -0.1780549 0.2259708 0.1371611 0.1586563 -0.08205491 -0.0009523433 -0.2304387 -0.1541545 
-0.7633612 -0.1299461 0.02062551 -0.05719832 -0.2367199 0.2260552 -0.3594475 0.1857121 -0.3078565 0.3356464 -0.0966391 -0.5885628 0.4620613 0.07516545 0.7083403 -0.659301 -0.2315017 -0.08637551 -0.143541 0.1490673 -0.08652526 0.3903372 -0.1903577 -0.3578976 0.005076994 -0.7199817 -0.0007166772 -0.02575615 0.0005672289 0.1658878 -0.02558281 -0.08874758 0.2987886 -0.08785227 -0.02484041 -0.08545838 -0.1215975 -0.1706502 0.1246981 -0.1428319 0.05810351 -0.01715307 0.2510135 0.03312333 -0.03832278 0.0327527 0.1660974 0.5960828 0.08949178 0.4358916 
-0.3875109 -0.1217051 0.6903413 -0.2610373 0.142658 0.05744482 0.6245961 -0.2691913 -0.0009899652 0.02674406 0.3346666 0.02983671 -0.01941504 0.03716586 -0.4891915 -0.1011662 -0.3440965 -0.1636457 0.4581712 -0.7108959 -0.02053446 0.2418209 0.004671395 -0.379714 0.4127987 -0.5550981 -0.08027855 0.4961289 0.4022053 -0.03787559 0.2260178 0.206508 -0.02313072 1.358075 0.01200184 -0.2549123 -0.0693619 0.01632405 -0.2618573 0.0828099 -0.2366137 0.5248902 -0.1304018 2.317287 -0.198254 -0.5472728 0.1424375 0.07256003 -0.4136245 -0.4013785 
-0.0003756006 0.4268265 0.4517875 0.275738 0.3358598 -0.001199013 0.5652822 0.2155649 -0.3937739 0.1529373 -0.04556926 -0.1392779 -0.6694403 0.1622437 -0.03940019 -0.009785575 0.3196291 -0.002237862 0.02982388 0.2750734 0.1452817 -0.5268775 -0.3289866 -0.4823957 0.1434872 0.3251106 -0.07815408 -0.8944355 -0.1585793 -0.1736363 0.05492681 0.1556433 -0.5683651 -0.5610004 -0.1476143 -0.112166 -0.4707792 -0.09826934 0.0004877262 0.1487981 0.2990851 -1.016571 -0.0002022305 -0.4869392 0.8108627 0.3870383 0.2914957 -0.2570163 0.01197176 0.001360958 
-0.3824379 0.003979607 -0.002454343 -0.4492761 0.3918573 0.09779775 -0.4485397 -0.1173477 -0.4222652 -0.04202549 -0.1347728 -0.04193022 0.03207948 -0.01186537 0.01169432 -0.3436668 0.03954429 -0.3802904 0.09069306 0.6209925 -0.3585627 -0.008538663 0.2531509 0.08889276 0.05870005 -0.341669 -0.04352576 -0.04131811 -0.1478419 -0.5025588 0.6209934 -0.3779223 -0.2062685 0.4185375 -0.2198 -0.002755203 -0.2521887 -0.2915958 0.4749776 -0.3630019 0.322733 -0.2037583 0.05970806 0.1665012 -0.135462 0.1642213 0.5672347 -0.3800516 -0.007739884 -0.05096854 
0.384229 -0.2041622 0.4501439 -0.07825876 0.1468132 0.004548706 0.001469608 -0.3313918 0.2294327 -0.122639 -1.247319 -0.3915154 -0.4000994 0.0007407002 0.4679172 -0.03491895 -0.1980979 0.230007 -0.3748833 -0.349749 -0.006049263 -0.153837 0.02039313 -0.14371 -0.5170918 -0.1337371 0.0401349 0.4539257 0.006082627 -0.02764558 0.2253686 0.4630871 -0.07923478 -0.2827348 0.1346191 -0.221574 -0.3434115 0.5427093 0.2964621 -0.2778519 -0.1093255 0.1288022 -0.4760554 0.07661833 1.535874 0.05011895 0.0006234491 -1.513667 0.7612047 0.5559347 
0.3111683 0.1473583 0.0001472285 0.01462943 0.01777101 0.4113424 -0.2354362 0.404547 0.09154835 -9.364236E-05 -0.4773162 0.2295192 0.3389056 0.01593983 -0.4204293 -0.1874015 0.1187882 -0.406149 -0.1026734 0.2282549 -0.2772344 -0.04192247 -0.330579 -0.3625039 -0.1121871 -0.4704218 0.06480677 0.03998471 0.09722561 -0.03543075 0.639838 0.01896373 -0.06968913 -0.4424228 0.0492633 -0.06767291 -0.323614 0.0003023089 0.4435712 0.3060861 0.03134308 -0.003013973 -1.512677 0.4500557 -1.539448 0.09155911 0.1784212 0.2961476 -1.09346 0.0715556 
0.2522537 0.1650635 0.01276849 -0.1652437 -0.6084206 0.4905295 -0.07834753 -0.0278986 0.07199695 -0.8773078 -0.02049412 -0.2503574 -0.2871765 -0.06296552 -0.5771556 0.03017355 0.001523699 -0.4872884 0.3967296 0.8436171 0.4630023 -0.04020709 0.2936885 1.006319 0.07564026 0.5103109 0.1689822 0.3388067 0.4049101 0.2234465 -0.3417627 0.02719419 -0.001581185 -0.3258581 -0.04551847 0.3450173 0.03356104 -0.4052511 0.4849625 -0.08779067 -0.06601308 -0.3755551 0.1515741 -0.08856362 -0.3965586 0.1544729 -1.884656 0.3949686 0.02829975 0.6409225 
-0.007190894 0.1469998 0.2878066 0.2643017 -0.1587535 -0.3999731 -0.07633024 -0.01300234 0.1199991 -0.1574762 0.2196303 -0.003841127 -0.1650577 -0.176805 -0.003758831 -0.1316625 0.3385296 -0.3424408 0.4002106 -0.04852086 -0.3964291 0.4075644 0.08844461 0.05926794 0.01847558 0.07267246 0.07557497 -1.779164 -0.199822 -0.01761335 -0.2626458 0.8119622 0.04580878 0.007518157 0.2524943 0.07934382 0.1205882 -0.05596691 0.154163 -0.01483108 0.3988902 0.4896671 0.2690738 -0.07749581 -0.1654893 -0.3671784 0.3016548 -0.170849 -0.5567094 0.7624923 
-0.04487008 -0.3900162 0.08210856 -0.4320613 0.4391227 -0.1583525 -0.2034922 2.209023E-05 -0.01894346 0.3342544 0.002309422 0.1432492 -0.0007813204 -0.4861501 -0.2128522 0.3045082 -0.02745637 0.05578591 0.03793043 -0.005742274 0.07843083 0.4477659 -0.01883024 -0.1118761 0.04817688 -0.1668792 0.07728419 -0.4734393 -0.02969724 0.1400369 -0.07557561 -0.1871013 -0.08249065 0.6530004 0.2354561 0.4495937 -0.03480928 0.003393114 -0.1846595 -0.1878863 0.5414399 -0.2058474 -0.3075013 -0.1867378 -0.1576656 0.3839143 0.4753872 0.1274483 0.005524514 0.02553453 
0.04177236 0.4062523 0.7354199 0.003632459 0.2275029 0.1230296 -0.4600917 -0.1605672 0.1327838 -0.2283277 -1.08168 -1.178331 -0.4736569 -0.1953799 0.3867147 -0.3349718 0.6979485 0.2199943 0.2330419 -0.5496598 0.298904 0.2532488 0.01957665 0.1171923 0.3747127 -2.069756 -0.4551123 -0.09724289 -0.10489 0.3263179 0.1604831 -0.1847527 -0.2633532 0.3802308 -0.04583133 0.1869342 0.7970808 0.04273647 -0.261594 0.1023716 0.1082204 0.2175643 -0.0003538035 -0.2843974 0.01663762 0.006961016 -0.002101785 0.004912595 0.04523826 0.3275179 
-0.2246131 -0.1189094 0.03316563 0.482468 0.1141896 0.006890593 0.05121434 0.006923887 -0.007890492 0.8193505 -0.1962974 -0.3931056 0.2585529 -0.4821973 0.2301081 0.4699368 0.05203852 0.01083022 -0.003272766 -0.5909783 0.3646466 -0.05824443 1.036143 0.5081331 0.2417385 -0.5203497 -0.4483981 0.02561087 0.3922884 -0.9915643 0.2896643 -0.2411484 -0.0737263 0.2035866 0.05147002 0.8658559 -0.2125378 0.0238305 0.3706808 -0.2145782 -0.1127874 -0.4438361 0.1251713 -0.3182136 -0.02751166 0.156526 -0.001059382 0.5554509 -0.07433135 0.1313593 
0.1085881 0.3912591 -0.7231331 -0.04981226 -0.4868078 0.04336854 0.001373796 -0.002266621 0.4057953 0.01927322 0.2348074 -0.02840288 -0.07412444 0.05075585 0.09468061 0.3700385 0.5429962 0.4962952 -0.01015398 -0.02005535 -0.03750107 0.175148 0.04936424 -0.03030315 0.1393217 0.2904253 -0.3796415 0.1238522 -0.5191393 0.101007 -0.1196548 -0.1198798 -0.05484517 0.3193233 0.1909707 -0.3201785 -0.1674939 -0.1673535 -0.06347829 -0.6735846 -0.02743842 -0.2049755 0.3086717 0.422959 0.1794579 0.4310285 -0.1571297 -0.4820261 0.1127494 0.03715273 
0.4184729 -0.1537385 0.2714374 -0.4482731 0.4565818 -0.8171214 -0.09789886 0.0435625 0.07973006 -0.03801256 0.2749584 0.2441642 0.6763539 -0.33634 0.3182724 0.0748108 0.671795 -0.4762855 0.4796094 -0.2392025 0.4015985 0.08794409 -0.334987 0.2021825 -0.6012887 0.5393359 0.1284872 -0.5471778 0.583854 -0.1438871 0.06854316 -0.1877035 -0.4179027 0.5655055 -0.7516935 0.002023995 0.563378 0.001472004 0.2451891 0.4715806 -0.2189313 0.1064487 0.01806396 -0.4458627 0.4065436 0.1435311 0.1539304 0.1466651 0.06730382 -0.4422716 
-0.2841285 0.0135576 -0.1649543 0.1189056 0.463951 -0.07312363 -0.003048234 -0.1338779 -0.009746005 0.1431539 0.3166796 0.04387196 0.2462365 -0.05885661 0.1102799 -0.4125823 -0.4424984 -0.2994139 -0.04082245 -0.1689888 -0.1924022 -0.5387422 0.4740877 0.05263712 -0.05398303 0.4936713 0.4212043 -0.03875284 0.0006058664 -0.6578653 -0.01975632 -0.08641046 0.2206519 0.198097 0.102843 -0.2685865 0.1606689 0.01586892 0.1483844 0.04776639 0.06453826 -0.5123966 0.1537638 -0.06927358 0.3480662 -0.9102675 0.3627941 0.006909221 -0.4594743 0.3223097 
-0.2381741 0.4348097 0.3579043 -0.07051256 0.09877295 0.01965854 -0.08883351 -0.08965784 -0.7292701 -0.4136816 0.1331381 -0.2897552 0.05005114 0.01435198 0.007352173 0.4583946 0.1299126 0.2368348 0.38536 -0.01619084 0.2082237 0.738539 0.4602346 0.4161092 0.13086 -0.03405066 -0.05700189 -0.03985316 -0.1776303 0.06781594 0.6726035 -1.37636 0.1766677 -0.06674688 0.3452305 0.3015199 -0.2295938 0.983036 -0.230475 0.3547553 0.4060756 0.1674455 0.05078845 0.2373072 -0.1189631 -0.1094459 -0.3008523 -0.3319721 0.09744197 -0.2478693 
-0.1750927 0.2423785 0.1107074 -0.09051085 0.1858797 0.5186412 0.1385078 0.2534947 -0.0307716 -0.05595899 -0.1538919 0.4064274 -0.07625781 -0.217332 -0.02190232 0.4023595 -0.1247119 -0.4285669 0.199426 -0.4010793 0.1857829 -0.01149325 -0.03536713 0.0007312479 -0.009358494 0.5842536 0.04501183 0.00240394 -0.4269096 -0.5021302 -1.042484 0.1858059 -0.182716 0.1562746 -2.253923E-06 0.6458455 -0.7798957 0.01061705 -0.1430134 -0.002878352 0.1026928 -0.03331239 -0.01010498 -0.1364971 -0.3834275 -0.1601285 -0.0576149 -0.4512526 -0.2559894 -0.4245214 
0.01456517 0.410621 0.257367 -0.2331261 0.4173207 0.1225541 0.7044088 -0.452698 0.003541576 0.0827108 -0.2714167 -0.3198088 0.08919892 -0.2132059 0.3110188 0.1013837 -0.07323939 -0.03402593 0.1070705 -0.1533187 -0.323717 -0.1972727 -0.3502358 0.0449409 0.005955985 0.494344 -0.272144 -0.2286635 0.2128796 0.3250993 -0.1627878 0.1404157 -0.05272275 0.1978024 -0.4008089 -0.708597 0.2444042 -0.03397793 0.03223327 0.2129426 -0.0002632691 -0.02990311 0.2045066 -0.4996865 0.4076012 -0.001021594 -0.05577242 -0.2116034 0.2576073 -0.2670083 
-0.2920014 -0.2484436 0.1330223 -0.1354484 0.3905403 -0.2732879 0.4808826 -0.2035156 0.008608162 0.04831606 0.2516434 0.4998138 -0.1917379 -0.1769506 -0.3800801 -0.01234806 0.3178613 0.07610942 -0.01159072 -0.1751987 -1.144937 -0.0917058 0.2848182 0.4122781 0.3188929 -0.03107778 -0.3007165 0.09993041 0.05837315 -0.9023762 0.08974257 0.3118808 0.4910672 0.1481426 -0.3032113 0.2751293 0.2406297 -0.01943346 -0.6330138 -0.05525063 0.2063122 0.4061213 0.121506 0.4554446 0.4319842 0.1856464 -0.8387753 0.4662648 -0.05370084 -0.318169 
-0.1565579 0.4329329 0.1533892 0.05041244 -0.3466267 0.2291319 -0.02983596 0.01116812 -0.01672408 -0.4459964 0.03949946 0.02626508 0.368214 -0.1631702 -0.01062138 -0.04134095 0.3619561 -0.2696065 0.4519607 -0.04790515 0.6258959 0.2102217 0.4343945 0.002359971 -0.1768952 -0.2005118 -0.227155 -0.4162691 0.380581 0.000493176 -0.3132378 -0.1433142 -0.4248505 0.02237433 -0.3236713 0.04088533 -0.01707244 -0.07950276 0.4513466 -0.305582 0.2004869 -0.1543161 -0.07117299 -0.3974175 0.0569126 0.2786652 -0.007764836 -0.01126569 0.02105395 -0.5102612 
-0.01257242 0.02746863 -0.0777001 0.276473 -0.441017 -0.2474147 0.03353029 -0.2803132 -0.47773 0.2813326 -0.04291091 -0.04822887 0.2323541 0.4193018 0.1131105 -0.1905035 -0.1775972 -0.02534908 0.474031 -0.1328852 -0.1028326 0.02779621 -0.1541966 0.2989264 0.00738891 -0.2418886 -0.473617 -0.2503316 0.3224536 0.3775922 0.04006944 0.244805 0.8702128 -0.1336885 -0.009419501 0.007390082 0.490092 -0.3364251 -0.01247092 -0.303609 0.002492238 0.3636868 -0.07195882 -0.3673319 -0.1919648 -1.229523 0.009056691 -0.01413571 -0.2717403 -0.001118602 
0.3165482 0.08338013 0.402968 -0.1093221 -0.1272256 -0.01432532 0.01483552 -0.5516645 0.04436392 0.003786022 0.4172067 0.279013 0.1241836 -0.4764837 0.1179366 -0.1362509 -0.5003284 -0.399888 -0.150764 -0.343351 0.1840652 -0.07895368 -0.1510168 0.04882509 0.1285026 -0.06940903 -0.6235225 -0.192377 -1.05428 0.325245 -0.1719807 0.1407817 -0.2591907 0.4801073 0.1410919 -0.2616554 -0.0744198 -0.2937546 -0.2748505 -0.1329472 -0.0001089378 0.09306037 0.4985581 0.02600773 0.5241407 -0.06263031 0.3404214 0.01509147 0.02661865 -0.2689745 
0.2042942 0.3340403 0.02817894 -0.1986182 0.05301529 0.02954215 0.3203891 0.0001893232 0.4256039 -0.3691993 -0.04910089 0.07751352 -0.007125318 -0.1802731 0.4634686 0.07283694 -0.3121082 0.3189625 0.007712349 -0.05576676 -0.01750128 0.475484 -0.1683802 0.4389269 0.335649 0.4905983 -0.1835988 -0.02909511 3.566599 0.1154815 0.01884133 0.3307106 0.08463866 -0.4051507 0.4884579 -0.09666461 0.2910812 -0.008191539 0.08722097 0.3279866 0.2975512 -0.0575544 -0.09216952 -0.2353873 0.107613 0.07296438 0.3099678 -0.1668082 0.21376 -0.3936716 
-0.36617 -0.0217618 -0.3484789 0.01994175 0.1093221 -0.08531171 0.05904061 0.1490996 -0.04136866 -0.0264361 -0.006919418 -0.1459444 -0.08254325 -0.4754796 0.0007347321 -0.01549982 -0.02985543 -0.2328061 0.0124437 0.03854756 -0.2167782 0.391625 0.4931163 0.1160296 -0.197724 -0.0365245 -0.2232435 -0.08848131 0.1210146 -0.6879883 -0.04869696 -0.03449272 -0.1029112 -0.2114935 0.03797713 -0.08488581 0.320136 0.8078849 0.4940435 -0.2155463 -0.7292414 0.3721904 -0.3240173 0.3936238 -0.05988738 0.03620078 0.1169378 -0.6456509 0.2635329 0.1125594 
0.08590612 0.3521992 -0.2979844 -0.4409966 -0.294596 0.3475827 -0.3318233 0.04516308 -0.0003139362 -0.1771732 -0.09119898 0.03063533 -0.440209 0.3054514 0.5124863 0.00221852 -0.4057505 0.08957941 0.02740794 0.04969543 0.2295108 -0.2210646 -0.004741547 -0.1439402 0.4066143 -0.3144227 0.4202282 -0.03881957 0.7592339 -0.06410831 -0.1403525 0.405463 0.1934328 0.0361439 -0.3487362 -0.01891603 0.02489176 0.02642685 0.0007427508 -0.1019823 -0.9541022 -0.8981887 0.4895623 -0.3595227 0.2550393 0.4136108 -0.05152747 -0.4974897 -0.1987005 0.1704208 
0.3074378 -0.701803 0.0272542 0.3519315 0.06783117 -0.4696729 -0.3408715 0.2723613 -0.3575556 -0.2223765 -0.1242269 -0.4420825 0.09470008 0.07881671 0.0174754 0.02322179 -0.04652566 -0.05948325 -0.06787525 -0.3434469 0.2183707 -0.01397204 0.3263971 0.03235918 -0.3511194 0.09116501 -0.1246081 -0.421892 0.6989195 0.2510543 -0.3580379 0.360541 0.06598723 0.0002675653 0.02031185 0.4790784 -0.1550104 0.7596497 0.05392557 0.2456746 0.2340786 0.03193325 0.4502784 0.1147642 0.1618632 -0.001844025 -0.2753077 0.7053737 0.2410857 0.02664086 
-0.1143991 -0.1611214 -0.3220946 -0.1637017 -0.4606886 0.9633715 -0.1872601 0.3328182 0.3342128 0.4815071 -0.09071828 -0.2991004 -0.04285526 0.1110146 -0.0193812 -0.4283313 -0.153398 -0.1611208 -0.332227 0.01120449 -0.3680718 0.09675391 -0.119578 -0.116255 -0.4942367 0.4559069 -0.000582978 0.4135662 0.401273 -1.122955 -0.2118639 0.009149453 -0.05866104 -0.4725981 0.307579 0.1161237 -0.461509 -0.1732939 0.1386756 0.2806601 0.9248514 -0.9871367 0.6098507 0.1043101 0.2085715 -0.07960786 0.3410487 0.03426462 -0.1259792 -0.06591896 
-0.06410103 0.1745893 0.09215802 -0.2616723 0.01595503 -0.1040184 0.2985317 -0.3271137 0.5380331 -0.2809256 0.2740335 0.6095216 0.05003491 -0.1153825 0.1318613 0.4805204 0.08373898 -0.8443236 0.3394394 -0.2383925 -0.2419121 0.01760894 0.2473084 -0.1645188 0.02890494 0.4989502 -0.04525901 0.02042225 -0.3666537 -0.09236439 -0.05596318 0.1308357 -0.2901424 0.2287427 0.007995916 -0.1886604 0.00983331 -0.7763256 0.01545832 -0.3100372 0.9334962 -0.1740888 -0.1092122 0.07114375 -0.3317442 0.0007853809 -0.3543274 0.009579946 0.2532376 -0.1291379 
0.3897883 -0.006239941 0.02262886 0.4910992 0.2906189 -0.489814 0.0111435 8.830355E-05 -0.5075191 0.04153568 -0.03379995 0.03452516 -0.04484051 0.1579528 0.2441594 0.4094789 0.06444044 0.4206957 -0.0019697 -0.2958529 0.04219073 0.09040137 0.06609099 -0.003098283 -0.01894289 -0.2139158 -0.1613377 -0.2067465 0.04202205 0.3533248 -0.6985447 -1.017214 -0.2504565 -0.3719126 -0.9586132 -0.3114575 0.4394435 0.06994027 -0.3850586 -0.2349394 -0.286476 0.38276 0.001188429 -0.04380342 0.0589334 -0.4587552 0.2950212 0.001534463 -0.5607999 0.3046975 
0.2529771 -0.08201952 -0.2954904 -0.2753035 -0.1253861 0.1058003 -0.4055247 0.1748708 0.0439202 -0.3728484 0.0549283 -0.4674493 -0.3611995 -0.006958964 -0.3541087 -0.1856565 -0.01827472 -0.04505118 0.3785269 0.06529169 -0.319417 -0.07735997 0.4555254 0.4610639 -0.1255091 -0.1262336 0.4781181 0.01995364 -0.0734393 -0.06047134 -0.04248524 0.01516944 -0.4018581 -0.3184333 -0.2534156 0.3149688 0.1276308 -0.148882 0.4973869 -0.3674896 0.06746271 0.4937356 0.1257958 -0.265228 -0.1061384 -0.01377001 0.400818 0.3251889 -0.1276243 0.4592152 
-0.1400416 0.207173 -0.1477183 -0.002582922 0.005546547 -0.234591 -0.08140715 0.2105473 0.01213553 -0.3089179 0.005419317 0.03755896 -0.1255535 -0.1382986 0.33775 0.02638312 -0.500044 -0.02378104 0.3413026 0.4881577 -0.4670846 0.1804855 0.01195472 0.4737741 0.05403261 0.6895934 -0.2142327 0.3779581 0.3661044 -0.2748553 0.07940203 -0.1402821 0.4502504 -0.1161892 -0.07853237 0.01119185 0.07384333 -0.33366 -0.4747721 -0.1795998 -0.3332256 -0.3584523 0.131902 -0.299889 -0.03292233 -0.01288542 0.161032 -0.02455038 -0.240701 -0.3328087 
-0.01588462 0.007193814 -0.3461944 0.3369654 -0.1916769 -0.3305954 -0.5291027 0.08240575 0.6138461 0.09856993 -0.3021194 0.3627673 0.3284268 0.09254407 -0.04722589 -0.2645919 -0.3720253 0.4287635 -1.145884 0.002883926 -0.1801677 0.1203908 -0.03918075 -0.03390198 0.4689459 -0.1192277 0.03036785 0.05315923 -0.13508 -0.4616146 0.7275117 0.08636747 -0.3672543 -0.006601213 0.408085 -0.1454849 0.6123995 -0.1479457 0.1335035 0.03759629 0.06191963 -0.04736107 0.4289239 -0.1457985 -0.4271636 0.7317935 0.1893061 0.01189429 0.7769513 0.005876509 
-0.3317927 0.02646676 -0.03996036 -0.1143924 -0.4619848 -0.3464267 0.2390252 0.1317369 0.09762553 -0.1099492 -0.27355 0.490714 -0.03778534 -0.2249612 0.05876393 0.9275786 0.1502276 -0.008405709 0.4809269 -0.05476648 0.1068486 -0.05046585 0.4816325 0.4125442 -0.4565482 -0.39482 -0.02961492 -0.1782053 0.06002776 -0.3788825 -0.006850784 -0.2892264 0.367765 -0.1075855 0.4141344 -0.6227875 -0.3972278 -0.07781619 -0.5207406 0.0599873 0.1612376 0.04589254 -0.1694868 0.644931 -0.0808 -0.3063215 0.07826484 -0.06989068 0.1014035 -1.086942 
-0.0005666442 0.03219289 0.132069 -0.284611 0.1048897 -0.2706177 -1.206459 -0.03028961 -0.4776274 0.1266192 -0.228455 0.410138 -0.484161 -0.5871873 -0.08382031 -0.00386736 0.02092331 -0.0987704 0.08268929 0.0815412 0.04237036 -0.2581111 -0.3000457 -0.1471144 0.3061093 -0.2219296 -0.2707636 -0.2796683 0.166594 0.2917388 -0.4092686 -0.2045464 -0.1006934 -0.4328786 -0.125408 -0.07246774 0.3991634 0.1143861 -0.0166174 0.009761069 0.1164569 -0.4961035 0.6681197 -0.07282236 0.3937427 0.07677414 0.004644556 -0.410633 0.2130898 0.02248842 
-0.04287379 0.7209846 0.003070855 -0.6224512 -0.456503 -0.0751719 0.2577856 -0.1031874 0.2792593 -0.2983358 -0.2021302 0.2575901 0.09928939 0.1006379 0.2247948 0.709315 0.006342739 1.489964 -0.2853309 -0.02087259 0.1286977 0.02613904 0.4637762 -0.1044976 0.2004114 1.003497 0.3318123 -0.2130434 -0.4849475 0.476137 -0.1335263 0.2432924 0.09672705 -0.6638993 -0.2166861 0.2860261 0.2439318 0.04753937 0.6921094 0.04510493 -0.02310103 -0.0360967 0.09319149 0.1523604 0.2029738 -0.2779678 0.640042 -0.04346842 -0.3532858 -0.1579008 
0.01675154 0.006347647 0.3689987 0.2410029 -0.363042 0.308677 -0.2627058 0.526728 -0.7037446 -0.4944701 -0.05293985 -0.2356977 0.1517156 -0.08359724 -0.09345422 0.301173 -0.1750534 -0.2930578 -0.005469539 -0.3434455 0.1673268 0.2299604 0.4349156 -0.3303516 -0.2199238 -0.3977972 -0.2820228 -0.1869638 0.3193252 0.354822 0.3882346 -0.07082494 0.02396818 0.1109278 0.3546827 -0.381693 0.02522672 0.2205601 0.2681261 0.003713255 0.2470789 0.1313595 -0.7443262 -0.3197761 -0.2615732 1.183013 0.07014704 0.09497385 0.1824589 0.156093 
#
-0.2102956 0.02739881 -0.3404827 -0.4002789 -0.321912 0.03288931 0.2490103 0.1859524 -0.08176035 0.01312649 0.01087451 -0.1480597 0.708156 0.01024562 0.00134027 -0.4581874 0.1065926 0.4999032 -0.05853391 -0.3210724 -0.5506147 -0.1733429 0.3377898 0.2538778 0.1109307 0.006024944 -0.4333638 -0.4919883 -0.1927844 0.02514499 0.5154393 -0.3653815 -0.03598696 -0.6032674 -0.05253541 0.2098688 0.453987 -0.2586694 -0.06190056 0.3007274 -0.02207815 -0.008561673 0.3327006 -0.446402 -5.659868E-05 0.1677607 0.4595269 0.0497041 0.003623504 0.04768127 
-0.2942477 0.2574053 -0.04030161 0.3160799 -0.07555682 -0.2451652 0.1581771 -0.001780832 -0.03692146 -0.3500576 0.1161755 0.07204288 0.04908735 -0.4359832 0.1787139 -0.02861917 0.5903718 0.001500251 -0.2912006 0.1050141 -0.01572841 0.03339794 0.2401627 -0.1053692 -0.1083833 0.3438182 -0.6594385 0.04694832 0.1637782 -0.01600598 0.04978104 -1.04048 -0.6808883 0.1869214 1.730458 0.02033594 -0.03215659 -0.1257056 -0.1586091 0.1511027 0.06118594 -0.1017544 -0.2358746 -0.1462124 0.2585626 0.0001147251 -0.3852167 0.1392532 0.9692184 0.09863378 
#
##### Level: 4  Time: 258.2592 #####
##### 2018/12/2 18:27:22 ##### Type: Tanh
