##### 2022/12/19 15:45:26 ##### Type: Tanh
0.4735512 -0.047532 0.05224653 0.1154814 0.3861313 0.02114765 -2.410636 
0.2693105 0.4204798 -0.3465776 -0.01416661 0.4008427 -0.0967645 0.00751549 
-0.04188969 -0.3973405 0.1586952 0.4264616 -0.1181224 -0.2263946 -0.1745016 
0.7021063 0.01351784 -0.03984992 0.338603 0.08687721 0.213482 0.3392742 
-0.5745117 -0.4205877 -0.5605468 0.2082602 0.3647764 0.1535855 -0.08413774 
0.9643996 0.2678897 -0.02137565 -0.115585 0.1744546 -0.4879817 -0.8346804 
-0.09005862 -0.401462 0.06737167 -0.4295857 -0.2636517 0.2229658 0.2091793 
0.35127 1.385224E-05 0.2465296 0.3141413 0.1242972 0.2532835 0.1066788 
-0.531225 0.03662886 0.03194504 -0.1726558 0.3318502 0.06190431 -0.01669419 
0.0917512 -0.02125746 0.3101077 -0.2625222 0.002365768 -0.1772785 -0.3225468 
0.3487728 0.1434335 0.02442117 -0.2397404 0.3314896 -0.2089986 -1.163454 
0.04584059 0.4066645 -0.002170174 -0.02982565 0.7738995 0.4788265 -0.5396181 
-0.1310068 -0.2970724 0.04666954 -0.002013857 -2.133593 -0.2569284 0.1619619 
0.1022416 -0.1264325 -0.1236246 0.4830217 -0.15846 0.6568933 -0.0606393 
0.4096534 0.3915548 0.2313787 -0.0534845 0.1059328 -0.2320177 -0.231384 
-0.002447058 0.3121952 -0.235146 -0.1267654 -0.3246988 -0.3504609 -0.115921 
-0.2974504 -0.9013582 0.3619797 0.06943399 0.25613 -0.03411914 -0.8660649 
-0.414222 -0.2124922 -0.4500056 -0.4261521 0.5462664 -0.343537 -0.02925847 
0.280946 0.001531156 0.04582542 0.3873553 0.2102067 -0.2333623 0.0005890947 
0.3612051 0.1167774 -0.2825432 0.2729677 0.1340087 0.4493465 -0.673765 
0.03032352 0.3036675 0.1811294 -0.4822825 -0.09978333 -0.149895 0.01294678 
0.4709161 0.03543824 -0.2215104 0.07890303 -0.1080222 -0.473984 -0.4753772 
-0.5823361 -0.05850697 0.3720342 -0.8468711 7.110982E-05 -0.341416 0.1026062 
0.2855921 -0.1213915 0.41746 -0.4137146 0.03836844 0.6687781 0.03274721 
0.08545977 -0.05958515 -0.02926622 0.00187301 0.04886807 0.199342 -0.4392657 
0.3444684 0.300555 -0.1931709 -0.3720333 -0.1245733 -0.4467083 0.3698733 
0.2225929 0.1513244 0.1871468 -0.4618578 0.1649035 -0.05509602 -0.4423452 
-0.0006564051 -0.3085759 -0.1939758 0.09017889 -6.108586E-05 -0.07520545 0.01151221 
-0.002880734 0.2458194 -0.3897396 0.02886736 0.03844589 0.1796076 0.3417368 
0.05141658 0.2682278 -0.3763867 -0.006610409 0.2571201 0.3772552 0.0002655392 
-0.002211903 0.06837232 0.130224 -0.05556025 0.2999548 -0.2823759 -0.006986033 
0.09239162 0.1373694 0.139369 0.03902933 0.09591614 -0.3813916 -0.0819779 
0.1051264 0.000794284 0.003856599 -0.4907399 -0.3983305 0.04613197 -0.08996402 
0.005879057 -0.4002452 0.1106484 0.5509619 0.03714806 0.3399228 -0.2606546 
0.001896795 0.04980612 -0.7481235 1.702662 -0.03898768 -0.2689746 -0.3658506 
-0.05400163 -0.01730608 0.0002939861 -0.07516437 -0.1141051 0.1122614 -0.0520453 
-0.07327463 -0.1719526 -0.1071214 -1.130414 -0.0478991 0.2049186 0.09797192 
-0.1314228 -0.4494904 -0.003235898 -0.552283 0.1065458 0.08341261 0.01647271 
-0.0001472511 0.6413676 0.5025473 0.31601 -0.3564186 -0.003579969 -0.00661009 
-0.005864964 0.0227548 0.2706391 -0.396878 0.1657232 0.1343282 0.3477147 
0.08404189 -0.2279646 -0.1004163 -0.2989372 0.08599228 -0.2914858 0.004274428 
-0.01830405 -0.00694671 0.2129093 -0.02504501 0.1406728 -0.2109552 0.2689543 
0.05659977 0.4018867 -0.02682049 -0.06861681 -4.411431E-06 -0.3282746 -0.1892942 
-0.1671797 -0.1329361 0.430475 0.1621396 0.1025446 -0.1954142 -0.857684 
0.0009081431 -0.0153777 -0.3636076 -0.1877192 -0.09738634 -0.0003238245 0.3902454 
-0.3728297 0.280405 0.08239973 0.166734 0.04540167 0.0923484 -0.7154627 
-0.04513055 0.01517782 0.09086153 -1.378582 0.5715528 -0.1033236 -0.1435685 
0.01149364 0.3314587 0.4278106 -0.2580458 0.389107 -0.03250176 0.2847003 
-0.3492687 -0.2210338 0.08748648 0.1258077 0.1748172 -0.01466298 -0.008731493 
0.4739066 -0.05404609 0.5056711 0.1764916 -0.2045401 -0.4267417 -0.230892 
#
-0.03895638 -0.08304518 -0.486088 -0.2147229 0.1593932 0.7006319 0.1525628 -0.0554584 0.2739323 -0.07337555 0.4594934 -0.128123 0.9215667 -0.1928188 -0.4556645 -0.1240029 -0.005539078 -0.324158 0.4445444 -0.04379131 0.02315302 0.343876 -0.0482375 -0.2917105 -0.3321559 -0.341823 -0.712057 0.3933415 -0.2398405 0.261581 -0.01776404 -0.001694532 -0.128748 0.001802622 0.002631105 -0.667029 -0.1052142 0.1390641 0.2336625 0.1454362 0.05432724 -0.1407563 0.2958398 0.1897359 -0.2575369 0.3567108 -0.01040048 0.0312351 0.03483525 -0.4356157 
-0.6638799 -0.0809717 -0.003914717 0.07963526 -0.2351934 0.003604728 -0.04146951 0.1927575 -0.3985849 0.04110941 -0.02622852 0.06234378 -0.3615867 0.4036175 0.07329146 -0.1698449 0.0838548 -0.6960152 -0.2097434 -0.2927271 0.01499497 -0.2882971 -0.08871939 0.2585905 -0.007519186 -0.004268405 -0.05484828 0.3518339 -0.1350322 0.08964637 0.2276743 -0.002076094 -0.2366474 -0.2122877 -0.0209796 -0.4191383 0.3392882 0.6291423 0.6574546 -0.9602724 -0.1108891 -0.2364748 2.098951 -0.08694799 0.4757248 0.2429536 0.3048973 0.004758747 0.0006311185 0.2636472 
-0.2314674 0.2814674 -0.07495181 0.4772291 -0.1420822 -6.712563E-05 0.323946 0.7946948 0.3801558 -0.1721268 0.4793824 -0.901816 0.0221139 -0.1010465 -0.8228189 0.0828312 0.03330864 0.454406 0.01914176 0.0390479 -0.02365676 0.4687988 0.1745798 -0.3880708 -1.008641 -0.003439248 -0.02551554 0.1847619 -0.1029008 -0.5684729 -0.3289778 -0.08951755 -0.266373 -0.2857795 -0.452545 0.06640357 -0.3837026 0.4600914 -0.2651832 -0.3569252 -0.1073233 -0.1253483 -0.3780228 0.4410036 0.2582128 0.3755091 -0.07897566 0.9179147 0.218966 -0.002138099 
-0.4347399 0.2210317 -0.2281337 0.02935249 0.1007965 0.05013734 0.181733 -0.06087626 -0.4660782 0.5706908 0.05307222 -0.03440074 0.3884803 0.2860492 -0.3185256 -0.4388276 -0.03593045 -0.6267761 -0.09120737 -0.3742698 0.001819506 0.007517231 0.287517 -0.2648844 0.4182836 0.2953663 0.1982503 -0.5921655 0.2433613 0.005407081 0.1060607 -0.001979714 -0.05047728 -0.5407752 -0.2241763 0.1130094 -0.002614207 0.7799791 0.1141908 0.2167587 0.01819533 -0.02733678 -0.02022685 -0.8331165 -0.7530099 -0.3837254 0.004873902 -0.1976514 -0.4855607 -0.09262568 
0.3430099 -0.4986968 0.1118208 -0.3021841 0.2531998 0.4875737 -0.0007701538 -0.01614624 -0.2333639 -0.02647144 0.3158247 0.3392334 -0.02356299 -0.06965178 -0.5775703 0.03726119 -0.05004555 -0.004317625 -0.1242046 -0.06884366 0.02194734 0.284181 0.08957011 0.141973 0.4870076 -0.1480702 -0.1551751 -0.2508198 0.5346774 0.3272046 -0.3217676 0.06726422 0.349254 0.006460351 -0.0304309 -0.2711234 0.0004213551 0.357486 0.5058898 -0.5201641 0.02106804 0.001072868 -0.3337144 -0.09117561 -0.1462659 0.1529347 0.7263658 0.4668554 0.07352456 -0.1395571 
0.005256837 0.3687243 -0.3487465 -0.05512739 0.125736 1.061332 0.07527816 -0.02464601 0.06358552 0.3417119 -0.4314361 -0.03920668 0.03265817 0.1645446 0.3612181 -0.1911535 0.3517596 0.0109231 -0.116974 0.6364349 0.4371054 0.005580604 0.1423943 -0.04130086 -0.3676855 -0.07404909 -0.06719565 0.1424818 -0.2703766 0.1773631 -0.148743 -0.04198753 -0.3454318 0.003681734 -0.97348 0.08593829 0.2968577 0.07797211 -0.8447108 -0.04704031 1.369348 0.4118893 0.0001845504 0.6752957 -0.6921828 0.04940541 -0.4473439 -0.05281408 -0.333098 0.06728722 
0.6038418 0.2764897 -0.2187515 0.02586366 0.04623882 -0.1005345 0.324651 -0.1779538 -0.2543791 0.0883736 0.1189752 0.3036816 0.0671999 -0.2704551 0.2565233 0.2159728 -0.04501843 -0.07080767 -0.1401573 0.02708412 -0.0007957569 0.1263676 0.4609126 0.3867094 0.004443347 -0.08645437 -0.378538 -0.06136423 -0.1409073 0.1382196 0.03504333 -0.0009192715 -0.2573684 -0.00889068 -0.3521849 -0.8087867 1.062863 -0.0008794031 -0.7532569 0.07304567 0.2482967 0.4100379 -0.2500247 -0.1059964 0.5082484 0.01078936 -0.08436415 0.3462584 0.03262068 0.05164117 
-0.1197239 0.2347549 -0.1124738 -0.6028507 0.00114738 -0.07139718 -0.4077752 -0.004025835 0.08192354 0.2116283 -0.1889188 0.405803 -0.03518292 -0.4118897 -0.2811134 0.0688789 0.1427683 -0.1305407 -0.2309273 -0.1185712 0.1064783 -0.4609641 1.268415 -0.04931301 -0.5740739 -0.0003211387 -0.02451846 -0.01206162 -0.03572691 0.04908448 0.6918691 -0.2339089 0.2303802 0.1358052 -0.003466343 0.00119704 0.05423519 -0.400749 -0.3217059 0.09826589 0.1947411 0.9725285 -0.0272665 -0.1935723 -0.02600191 -0.0001706896 -0.8519704 0.04180126 -0.07354374 -0.006218156 
-0.4071426 0.3728659 0.2485537 -0.006785036 0.4815413 0.3165036 -2.179047E-05 -0.5604241 -0.3391649 -0.007495039 -0.2433023 0.4012604 -0.0002789231 -0.01857328 0.1057044 -0.3933067 -0.07948595 0.236611 0.06090051 -0.1101939 0.01816071 -0.1171483 -0.0003807944 0.1461657 -0.4612756 -0.02556627 -0.9899805 -0.1154652 -0.1960952 0.3334904 0.04339381 -0.07716185 -0.08324577 -0.8209603 -0.01555321 1.194342 -0.04715149 -0.02663249 -0.2108935 -0.474077 -0.3003417 0.3188899 0.0004328536 0.7582425 -0.0116929 0.4479656 1.14355 -0.3463249 -0.1071236 -0.3544075 
-0.2939872 0.8968386 -0.1215163 -0.1348385 -0.08520932 0.3295789 0.06401373 -0.3065454 0.01416844 -0.001079286 -0.3127893 -0.001192102 0.1347406 0.003669479 -1.402152 0.104906 0.8974556 -0.1024537 0.387664 -0.3828222 -0.4086772 -0.4821167 -0.4863324 0.02800033 0.1242439 0.3645028 0.2654701 0.01410424 0.01385478 -0.2509016 0.3974463 -0.2504198 -0.08366948 -0.2677146 0.141795 -0.4714279 0.02560896 0.4201972 -0.0247524 -0.01298415 -0.005494325 -0.7337902 -0.06134278 -0.58231 -0.3138573 -0.09974673 0.1439472 0.03015199 0.8354348 0.1211482 
0.006567515 -0.4084634 -0.3312773 -0.1006656 -0.03355278 0.2479 -0.009579333 0.3788952 0.1510327 -0.2646397 0.785613 0.3927178 0.142048 0.4706039 1.094706 -0.4201385 -0.7519051 0.3515162 -0.5191809 0.5999145 0.006502516 -0.5057338 -0.266055 0.05832639 -0.3416803 -0.1456955 -6.034043E-05 0.1825733 -0.2639944 0.00840258 0.0198959 -0.2960742 -0.4130054 -0.035759 0.03250504 0.03650517 0.03976278 0.1283082 -0.2926599 0.120408 0.06792266 0.00213204 0.03971484 0.3522804 -0.02925164 -0.07753628 0.07469413 -0.09131235 0.2069277 0.06804785 
-0.09421676 0.1484572 0.09707995 -0.1490332 -0.2104201 -0.04909585 0.1587479 -0.1510145 -0.2173961 0.1703564 0.009251986 -0.3545679 0.7406544 0.2451894 0.3030879 0.1610124 0.2645302 -0.09107453 -0.4759803 0.01122169 0.0003865197 -0.0538534 0.3831703 -0.7258037 0.361203 0.1975042 0.2156508 0.03659296 0.1636001 0.06892997 0.1169563 0.1727314 1.391883 -0.3393717 0.008907977 -0.167124 -0.1873646 -0.5580369 0.2802791 0.3427409 0.2003977 -0.1468844 0.09752879 -0.06522263 0.06713969 0.01349152 -0.004031073 -0.2674506 0.4745755 0.004139351 
0.1757427 -0.04010946 0.1277532 -0.02125945 0.3991578 -0.1523265 0.6522416 0.0739637 0.01689991 0.02920247 0.1607731 -0.1903966 0.2644937 -1.401533 -0.4843668 -0.1031932 0.03906006 0.06636649 -0.001144759 0.1264519 -0.2280462 -0.0434813 0.0002466515 0.002908631 0.1831131 -0.2719768 0.005961134 -0.02106892 0.3530637 0.2166196 0.2737621 -0.2180948 0.2585644 0.01084012 0.1330882 0.1872791 -0.3523628 0.4865029 0.201452 -0.1356223 0.2946019 0.08605403 0.695188 0.5688807 -0.06973977 -0.03855418 -0.5248073 -0.1585292 -0.3787506 -0.08218385 
0.00276655 0.4220694 1.114231 0.09875885 0.1642854 0.4715728 0.3944288 -0.00378026 0.3079869 -0.1728957 0.5902285 0.4569962 -0.05053399 0.03737572 -0.1684147 -0.2509288 -0.001789582 0.08584598 -0.08077271 0.0006107239 0.3696889 0.315726 -0.2933828 -0.2659966 -0.110705 0.05806778 -0.02883207 -0.07960958 0.5486448 -0.2450243 0.4293691 -0.4375179 0.4259063 -0.2377651 0.8191445 0.09006093 -0.2945888 -0.1834057 0.5791217 -0.6609403 0.6847943 -0.301897 -0.02589012 -0.3509762 0.002499989 -0.197472 0.3734552 0.3064056 -0.1804751 0.1290568 
0.1519721 -0.03225822 -0.6235167 0.3829759 0.02891938 -0.03365371 -0.2629336 0.7990662 -0.01247575 -0.05046925 -0.2400727 -0.3303297 -0.1694505 -0.2098396 -0.005654844 0.2189772 -0.6547627 -0.05319387 0.1276414 0.07145051 0.04284805 0.1064304 0.3972106 -2.610777E-05 -0.0085091 0.5239508 0.1050601 0.3955638 -0.02407008 0.0008026684 0.2519193 0.2084837 0.01004052 -0.06509905 -0.4528747 -0.2974536 -0.1824722 -0.02131349 -0.7369002 0.1026681 -0.1956107 -0.1863482 0.182555 -0.4195726 0.2956048 -0.1382459 -0.2946808 0.2705697 -0.2633342 0.01272014 
0.1936341 -0.1104956 -0.03611106 0.6845981 0.2228806 0.3867631 -0.1670442 0.1645762 -0.3029934 0.2840407 0.0904205 0.04136676 0.004308979 -0.1212705 -0.5744165 -0.1963195 -0.4845938 -0.0158303 -0.02248269 0.1125846 -0.05952078 0.4035174 -0.2252733 0.1346944 0.4361686 1.214075 -0.0375034 -0.5181413 0.02490192 0.0052504 0.1026052 -0.4357535 -0.01394292 -0.1544643 -0.08934063 0.1103415 -0.400311 -0.5906296 -0.0298003 0.2239809 0.06351203 -0.8275568 0.04637793 0.09072131 0.2535462 -0.09609331 -0.481541 0.5960828 0.0846092 -0.293626 
0.011429 0.04336599 -0.4735115 -0.146937 0.2772999 0.05515102 -0.008964535 0.2837332 0.4069905 -0.05135095 0.3483822 -0.08712377 -0.007552803 -0.1162085 0.2515321 0.2265906 0.1061598 0.1903651 -0.6037819 0.3597114 0.07414764 -0.3602695 0.3451152 0.5415811 0.63748 -0.06460544 0.3482065 0.1938985 -0.1410655 -0.3686606 -0.04544391 -0.1028768 0.005948954 -0.1736691 -0.01090639 1.546031 -0.01393216 0.02144712 0.3193966 0.3215401 -0.01014337 -0.895523 0.4516496 0.3263991 0.04825395 0.4558913 -0.3347439 0.252504 0.4114937 0.4736573 
-0.2312786 -0.07260717 0.5165741 -0.04739977 -0.4627585 -0.1569517 -0.02857369 -0.4758742 0.6822212 0.3278932 0.4664869 -0.4939072 0.1977664 0.02086501 0.01903403 0.670103 0.3328949 -0.1194425 0.004439234 -0.05258232 0.1673076 0.04017725 -0.3522493 -0.02543908 0.6956406 0.453282 -0.1064664 -0.2422247 -0.1938702 0.806105 -0.06742746 0.6901973 0.04523855 0.05365439 -0.814481 -0.05662147 0.2675993 0.7004306 -0.3657809 0.71213 0.0390783 0.1022416 0.07454645 -0.231763 0.4881126 -0.3983161 -0.5284858 0.03619928 -0.3619537 1.899019E-05 
0.08261358 0.6679702 -0.001516631 -0.1119935 0.2723184 -0.007173555 0.09193187 0.02362677 -0.03452921 0.4505869 -0.3081256 0.4370168 -0.006827719 1.440036 0.04692892 0.06279022 0.05942547 0.6170671 0.08019632 -0.8970753 -0.03546406 -0.04646181 -1.36082 -0.00718528 0.04814981 0.2846284 -0.0007944586 0.1915661 0.5754468 -0.2226047 0.631139 0.06433231 0.4653211 0.2629384 -0.04143983 0.4131232 -0.1516675 -0.09829885 -0.4098653 0.08609289 0.01779983 -0.2863504 0.03065426 -0.1957587 -0.1416885 0.008470118 -0.4684491 0.1427177 -0.2263166 0.08439261 
0.1056358 -0.1710047 0.193354 0.05679723 -0.4641385 0.2886027 0.001275989 -0.5171215 0.03561825 0.004023273 -0.1136407 0.2404097 0.1118205 -0.07258365 0.1370668 -0.08817059 0.03389592 0.697285 0.00656552 -0.05824296 -7.515887E-05 -0.6327994 0.1134322 -0.07870233 -0.0495805 0.04113822 0.2825398 -0.4539257 1.467901 0.3460491 0.001876348 -0.3508304 0.9357966 0.04326726 -0.5217519 -0.02017367 -0.1466485 -0.3619932 0.2666397 0.00433405 -0.2025757 0.2242183 -0.002613374 -0.1966701 -0.2665033 -0.1820379 -0.3202922 -0.4208962 -0.2056701 -0.2224749 
0.3495075 -0.01180615 -0.1287829 -1.995002E-06 -0.01491892 0.711131 -0.4642329 -0.1493826 0.4974107 0.192684 0.02764719 -0.02747313 0.5233777 -1.151124 -0.175345 -0.2491404 0.0875718 -0.3507143 -0.005975625 0.3291847 -0.7923765 -0.2211997 -0.2049826 0.120493 0.2528571 -0.8247299 -0.006153075 -0.1679474 -0.2701917 0.2365861 -1.538885 0.05037086 -0.3737996 0.1374736 0.004744519 -0.1268253 -0.1339778 -0.7748963 -0.02349071 -0.3311228 -0.004285531 0.06886894 -0.423165 0.1712676 -0.1416756 0.1785905 -0.2494027 -0.4858944 0.4552835 -0.4752789 
0.013744 0.1577627 -0.1739893 0.1541485 -0.4295785 -0.4878465 0.02044564 -0.6854495 -0.001123908 -0.02433234 0.01777052 0.3724982 -0.5454887 -0.08620533 -2.083665 0.2927168 -0.002442549 -0.192285 0.06090129 -0.3294533 0.002305481 0.04598308 0.4782563 -1.538131 0.296484 0.2579207 -0.06631845 -0.1050424 0.04322375 -0.1946476 -0.8384863 -0.1941059 0.3029764 0.04355882 0.0006424913 0.2252684 -0.1037038 -0.04462785 0.6525337 0.2247977 -0.1532168 -0.402981 0.4692992 0.08393902 0.060402 0.09324939 -0.232725 0.4654362 0.1874043 -0.2774549 
-0.0009718108 -0.07211227 -0.008947269 -0.2059132 -0.05227549 -0.3500059 -0.2903944 0.02438959 -0.3069631 0.1782969 0.2898639 0.1341019 -0.249841 0.4618367 -0.157582 -0.001041703 0.5804801 0.2540371 -0.0591175 0.005454517 -0.01125321 0.2895768 0.3315574 -0.1833788 -0.1710038 0.4700992 -0.01841035 0.472893 0.07419169 0.2181953 0.1604915 0.3124808 -0.002812577 -0.0001883785 0.3834635 0.001092961 -0.4404238 -0.0128473 0.2243739 0.1455786 -0.2271983 0.2564981 0.06939548 -0.04267327 -0.03093727 0.02612286 0.06404093 -0.6459945 0.1973652 0.8049816 
0.1823419 0.2615117 0.1582639 0.3366919 -0.2242228 -0.05478109 -0.2380386 0.006743012 0.02817347 0.2468254 0.4190964 -0.02408269 -0.4626675 -0.07167 -0.478771 1.215788 0.134528 -0.4853325 0.1180627 -0.2562261 -0.001564225 0.2922685 -0.4122059 -0.03949285 0.03105595 0.008093865 -0.0659361 0.2180469 -0.01781436 0.05204117 0.03092211 0.0256048 0.2215683 0.2324949 -0.05638399 1.444596 -0.07740116 -0.0750522 -0.2011097 0.7638073 0.3386087 -0.2814378 -0.2084796 -0.006427094 0.07509524 0.1974908 0.6228904 -0.2972776 -0.005126737 -0.2811147 
-0.08560246 0.3393452 -0.3283262 -0.000244535 -0.6162958 0.1519903 -0.4495728 0.4770938 -0.9764946 0.1619989 0.1168224 -0.09795794 0.01613818 -0.22871 -0.5856442 0.45839 -0.7628525 0.1936469 0.01267593 0.2242488 -0.1753901 0.4196928 0.2480919 -0.2347314 -0.07962877 0.6080685 -0.2545391 0.7972574 0.08058485 -0.07543045 -0.1431927 -0.001444009 0.2522941 -0.36461 0.2468061 0.09458561 0.03754875 0.02680306 -0.5177748 -0.03858747 -0.1919633 -0.09595531 0.08303109 -0.3596587 0.2348383 0.5338015 -0.6016285 -0.02719826 -0.1042153 -0.415344 
-0.02637433 0.4650846 0.01134006 -0.1813874 0.199944 0.1066803 0.7815997 0.4927186 0.003215957 0.1288151 -0.1707439 -0.05326811 -0.2134726 0.01283297 -0.0312955 -0.07088641 0.1761339 0.0772745 -0.7508417 -0.4979469 -0.4410895 0.01980051 0.2241814 -1.238293 0.2987952 -0.02654833 -0.2584936 -0.1155813 -0.2173414 -0.4071131 0.02627113 0.485761 -0.004022201 0.06808275 0.09181255 -0.5485703 0.2004331 0.04901395 -0.1131095 -0.1493561 -0.6103897 -0.1547 -0.07770287 -0.0131765 -0.1754393 0.07640216 -0.1666436 0.7598641 0.005422891 0.2953244 
-0.03419133 0.6390973 -0.1241775 -0.3754358 0.1646648 0.3647834 -0.0646171 -0.002822013 0.2513617 0.1382205 -0.08699786 -0.0450663 -0.2544856 0.02267974 0.4394002 0.3393117 0.2766248 -0.4852245 0.327934 -0.2534238 -0.4255909 0.07081319 0.3502051 -0.0008983786 0.3816192 0.04380956 -0.0956543 0.1278574 0.4643482 -0.1756532 0.06243952 -1.242596 -0.1356828 -0.08373851 -0.03111178 0.01597009 -0.0009251165 0.1781907 -0.002040194 -1.99624 -0.026359 0.007415896 0.1036172 -0.3099881 -0.05930424 0.3448515 1.809143 0.00984109 0.4201679 0.0476957 
-0.2561159 0.0440436 -0.04443945 -0.01747308 -0.1449873 -0.1910559 0.1037061 -0.2549889 0.808337 -0.1042501 0.5159352 0.2976315 -0.1637191 -0.1995823 0.1141765 0.03115716 -0.1125204 -0.06450621 0.08579449 -0.2622025 0.4054522 -0.07730182 0.503212 0.07164677 -0.1794719 0.1871135 -0.3132874 0.9816679 -0.3015143 -0.01030383 0.03610963 -0.02522248 -0.9660146 -0.3471999 0.1995322 -0.02753917 -0.2694837 -0.00210606 0.3348521 0.08219863 0.2039797 -0.05038113 0.0004007406 0.08509928 1.004531 0.3711993 -0.02668135 -0.1229105 -0.3304969 -0.2085622 
0.0924242 -0.2355921 0.1683247 -0.05234602 -0.9261278 0.5032135 0.02734536 0.1405019 0.01322221 0.5390267 0.5992144 -0.06906873 0.4604659 -0.008181386 0.1907207 0.2053664 0.4752179 -0.06541818 0.4131582 0.4120168 -0.01211302 0.007712894 -0.4550192 -0.1572335 -0.2115939 -0.7054844 -0.4661958 -0.5722092 0.04629088 -0.3680864 -0.0139086 0.06649853 -0.2029529 -0.3326173 0.08813081 0.09717804 -0.05060258 0.1107789 0.1014792 0.4922305 -0.05140616 -0.1152823 -0.07810231 0.0820551 0.0313815 0.2980615 0.05643507 0.01021327 -0.1258149 -1.046369 
0.195904 0.5470377 0.1605568 0.5804467 0.2478891 0.01559584 0.255923 0.3980101 0.03064723 -0.009775962 0.2366612 -0.09830315 0.3077472 0.03994253 -0.06600076 0.2652233 0.3376946 -0.2296611 0.05822664 -0.08159906 -0.7746181 0.1662751 0.4398894 0.2100591 -0.204043 0.0002124963 0.1406921 0.06308705 0.1860633 -0.2118741 -0.01110949 0.01786044 -1.048809 0.09706979 -0.1215805 0.0289771 0.474131 0.370777 0.250868 0.3920133 -0.1624221 -0.112744 0.006737784 -0.3366865 0.7525343 -0.06864578 -0.08035775 -0.2579729 0.01197385 -0.4549357 
-0.3082185 0.2423785 -0.1062 0.1069728 -0.1424962 0.2821214 -0.3837379 -0.1538622 -0.04113092 -0.4148793 0.3668798 0.08817025 0.2865627 -0.2329179 -0.01760467 -0.8087646 0.3415162 -0.3062263 0.4579693 -0.4652114 0.1904496 0.0508327 0.8093281 -0.1059046 -0.2686225 0.4764932 -1.694594 -0.003287781 -0.4880376 -1.295948 0.6038728 0.3103478 0.09407744 -0.001234233 3.866773E-06 -0.1246033 -0.07263321 0.04018871 -0.3075588 -0.0006669442 0.06419322 -0.04123085 -0.01129038 0.3165635 0.2514515 -0.1316644 -0.211294 -0.0343417 0.2559894 -0.2206774 
0.1219333 -0.01581026 -0.2567142 -0.02054539 -1.092688 -0.3713695 0.06046773 -0.06857695 0.006266445 0.01057168 0.140183 0.1078547 0.6104487 0.7990708 -0.4786366 -0.0141936 -0.0982386 0.00367502 0.1428162 0.1809431 -0.08547409 0.313991 -0.1433917 0.08005679 -0.1146466 -0.1859816 -0.1232959 -0.0003182779 0.0641169 0.127334 0.01258155 -0.01149727 0.3665279 0.666719 -0.07154284 -0.222914 0.7954302 -0.003914644 0.004934626 0.04275462 -0.0100981 0.09098116 -0.1486676 0.2133471 0.04985267 0.1477937 0.001075552 -0.04870692 -0.4715095 -0.0884309 
0.09797646 -0.07629317 -0.0785655 0.1337802 -1.16905 0.1740907 0.01089464 -0.5441638 -0.3535396 -0.09331431 -0.2588449 -0.0008887682 -0.283905 0.06224013 0.003565454 -0.2395635 0.1654714 -0.2735094 0.3184826 -0.3729056 -0.05800896 0.1454009 0.06668681 -0.1679665 0.05319887 -1.455121E-05 0.06734413 0.3673667 0.4909868 -0.07069236 -0.2291469 0.3796004 0.2925222 -0.04638147 -0.08182257 -0.1855687 0.361721 -0.005362453 -0.07366489 -0.003439408 0.2659741 0.002640323 0.03384068 -0.1214502 0.06360794 -0.03149274 0.8512392 0.1582363 -0.527346 -0.1377228 
-0.4636593 0.1588685 -0.1380045 -0.003454963 -0.02435356 0.2180902 0.0001689148 0.01032364 0.01139801 -0.2489092 -0.7187335 -0.03820532 -0.1836681 -0.387006 -0.04529953 0.5706066 0.3539659 -0.5258418 1.114662 0.1775631 0.0172891 0.1179166 0.1988036 0.2071903 0.1635709 -0.4276393 -0.4140904 0.022888 -0.0725624 -0.001671559 -0.2579675 0.0511914 -0.2482798 0.01209464 0.452934 0.1567337 0.02678763 -0.39507 -0.3450165 0.2000798 -0.1627105 -0.4518228 0.03982807 -0.1473935 0.0426746 0.1108503 0.008454434 -0.003538072 -0.02105395 0.004235961 
-0.3502365 -0.06970567 -0.0003176332 0.8380455 0.156048 0.04224759 -0.01515116 -0.1298458 -1.099715 0.1684206 0.1689234 -0.09478456 -0.09695429 -0.1688214 -0.07611641 -0.6643449 -0.205183 0.2419821 -0.3652281 0.04347676 -0.0009498936 -0.07526841 -0.05303711 -0.3227755 -0.2156459 -0.2514052 0.01149354 0.7749156 -0.5688877 0.1264224 -0.4113689 0.0001117704 -2.442156 -0.0580533 -0.02130736 0.2098907 -0.07875842 -0.04229432 0.1228072 0.5458481 0.001132067 -0.4496384 -0.1488544 0.1578971 -0.1160985 0.8531883 -0.1829889 -0.01454895 -0.2080036 -0.0005743135 
-0.5698214 0.006764032 -0.7812786 -0.1020558 -0.05047358 0.002870533 0.4508234 -0.0004681972 -0.185779 -0.06820381 -0.3785365 0.2836095 -0.09964234 -0.1203667 0.1752964 0.479242 -0.279335 -0.5125308 -0.2530353 -0.06614608 0.09518844 0.2920907 0.009682702 0.5457608 0.4408362 -0.2518251 -0.2911111 -0.3433616 0.4422861 -0.08601482 -0.2141349 0.005682647 -0.2829955 -0.01649132 -0.0968016 0.31627 -0.2061647 -0.4921817 -0.3446372 0.1945709 -0.0001089378 0.2554501 -0.3815548 -0.4521993 0.4839822 0.2505045 0.006171169 0.01033499 0.02240982 0.01602309 
0.2473687 -0.2206797 -0.01859149 -0.4601762 -0.0145453 0.6387523 0.4512788 -0.4625089 0.3769056 -0.193094 0.2589587 0.07779874 -0.007125318 -0.5853252 -0.4008943 -0.0598439 0.08038525 -0.04168725 -0.1751531 0.1349189 0.01149953 0.3534106 -0.8411669 0.2896517 -0.9191512 0.2849301 0.432057 0.2750322 -0.5558574 0.4069588 -0.1001747 -0.1794195 0.4007658 -0.6497272 0.278678 0.1476321 -0.0205073 0.004454711 -0.6950003 -0.4233086 0.07392991 -0.3704104 0.4995577 0.9886676 -0.4802394 -0.1801071 -0.1176137 -0.4186775 -0.04196097 0.06233889 
0.1944802 0.4256278 0.0396654 -0.002377792 -0.35492 0.3647125 0.9689184 0.3603519 0.3607972 -0.002006928 -0.001073456 0.01417557 0.170559 0.1485857 -0.3710112 -0.002047961 -0.3755094 -0.08516491 0.06944402 -0.3628575 -0.4503447 -0.1453137 -0.05151756 -0.1452065 0.1177619 -0.01947147 0.05581935 0.05858964 -0.01321992 0.6259758 -0.2682551 0.03811445 -0.1357016 0.05906935 -0.04395097 -0.3759372 -0.2325095 -0.1793148 0.2705755 -0.1240523 -0.001927515 0.7505271 0.08840102 0.3178155 -0.1258459 0.1036831 0.02052766 -0.5900354 0.1187878 -0.02111024 
-0.3538529 -0.010069 0.005866712 0.1996285 -0.1399387 -0.354995 -0.358945 0.9189311 -0.1899683 -0.04160186 -0.4613855 -0.1409172 0.1281502 0.4791743 -0.1647118 -0.7005319 0.2366254 0.425299 0.0009161842 -0.007777989 0.1238015 -0.3449216 -0.002038775 -0.004403499 0.292786 -0.3144227 0.03615287 -0.07627419 -0.08606542 0.2728308 0.005801558 0.7287828 0.3088337 -0.01025647 0.02811801 0.003727816 -0.06527799 0.06807265 0.001954268 0.1216647 -0.001966599 0.4611703 0.3560753 -0.406649 -0.3794817 0.08157414 -0.07080006 -0.251613 -0.03112671 0.01810934 
0.2459038 -0.2265949 -0.8107338 1.084991 0.1691234 -0.1430609 -0.07498921 0.00788538 -0.161049 -0.1065282 0.001418592 -0.4482636 -0.06350678 0.1770566 -0.005846903 -0.6012866 0.02107793 -0.3976618 -0.02875251 0.4309646 0.2183707 0.007301071 0.07948912 -0.01269759 -0.4117585 0.05262965 -0.2528737 -0.02922255 -0.2994391 -0.4220705 -0.08365408 -0.1292718 -0.08928031 -0.4641714 0.007218973 0.3938136 -0.1820598 2.023406 0.02083747 0.2456746 0.09716922 -0.0484424 0.0338494 0.2229859 -0.3950562 -0.3110992 -0.03888741 -0.1319414 0.100276 0.3789397 
0.454525 3.986241E-05 0.002178158 -0.1472932 0.4537559 -0.04441327 0.00821073 -0.2170755 -0.6021848 0.2937645 -0.03864663 0.2364297 -0.1066862 0.4452492 0.2931989 -0.09048229 -0.1303297 0.007910935 -0.1395873 -0.2482684 0.2204404 -0.07550019 -0.2385527 -0.2100914 -0.2558734 -0.3606908 -0.05978332 0.02603331 -0.5560575 -0.02395241 0.1158761 0.1791273 0.07256899 0.2212946 -0.08827466 0.392442 0.09505369 0.1405355 -0.02112492 -0.001686541 0.0853693 2.160283 1.073828 0.3335717 -0.5777134 -0.08918947 0.03962332 0.04187884 -0.1323776 0.495488 
0.06636328 0.2575827 -0.4031074 -0.03083593 0.02025634 -0.2591028 -0.1238389 0.1092139 0.1339928 0.1768409 -0.2601531 0.1277314 -0.01575758 -0.6135364 -0.1550381 0.3737115 -0.03469672 0.01027203 -0.04123705 -0.01652673 0.4562501 0.01965532 0.3781972 -0.1806486 0.07222456 0.06754392 0.01432534 0.1935307 -0.1636018 -0.3125386 -0.03993601 -0.2688357 0.2800756 0.4570459 0.007120417 0.003793001 -0.01384679 0.1522686 0.2684605 0.0001738535 0.5995347 -0.224706 0.08900332 -0.001108186 0.007771242 0.6993783 0.5460705 0.3895715 0.05760779 -0.01449558 
0.3753018 -0.3900446 0.1723447 0.5465565 -0.4635458 -0.1293139 0.1008847 -0.145101 -0.2703419 -0.02377288 -0.1209313 0.01373571 -0.04484051 0.1290904 0.4611019 0.7398969 -0.0902473 -0.05104012 0.0007239443 -0.1550849 0.09070176 -0.08288968 0.3777472 -0.001866562 0.01338729 0.1294026 -0.3255001 0.3605199 0.001149393 -0.4213026 -0.4425794 -0.07249188 -0.5672292 0.01366443 -0.03988473 -0.2959921 0.3627911 0.0468486 0.08153588 0.03890094 0.2954792 0.07644886 -0.0001212991 -0.005696849 0.003071493 -0.1331159 -0.4564852 -0.1359681 -0.2295055 -0.4598492 
-0.06941098 -0.01936678 -0.6462969 -0.3456584 -0.02004228 -0.07259744 -0.04864009 -0.7139302 0.3862382 -0.03213684 0.1353049 0.876783 0.4011575 -0.4763753 -0.2793736 -0.0975701 0.02438959 0.09133673 -0.06333059 0.162342 0.0639713 0.1490182 -0.4873188 0.3728985 0.02373108 0.1951883 -0.4781181 -0.3960967 -0.1053318 -0.1545543 0.2146519 -0.07943881 0.005149663 0.1068851 0.3398933 -0.1511092 0.1002187 0.001013772 -0.1668578 -0.08977968 -0.6772586 0.3798423 0.4686198 -0.2549973 -0.3669089 -0.3630993 0.2352745 0.01196737 -0.1625594 0.2653561 
-0.2343505 -0.1456449 0.09706348 0.02130879 0.1621184 -0.01708835 0.1559876 -0.2993385 0.0006741911 0.2654361 0.4307416 -0.2226281 -0.0347763 -0.002047362 -0.2220377 0.2287244 -0.2630577 -0.3351707 -0.492288 0.02350188 -0.4735751 0.3576783 0.5806203 -0.2614721 -0.004580595 0.09105993 0.4995518 -0.4139214 0.08543809 0.5184581 0.0138887 0.1641566 -1.127116 -0.3579892 0.4180439 0.007092719 0.1785834 -0.274261 0.1607239 -0.03798986 0.3814756 -0.03575691 0.1773754 0.03367122 -0.014573 -0.3129929 -0.03634125 -0.0130218 0.09154743 -0.01620635 
-0.101216 0.001657965 -0.005957422 0.03061277 0.0245162 -0.1078947 0.1614419 -0.4526216 -0.05439897 0.001513795 0.5722159 -0.2448839 0.1825472 -0.6390266 0.1534404 0.165654 0.2339672 -0.1897366 0.04555558 0.3500988 0.06634502 0.593242 -0.01530399 -0.31336 -0.0308608 0.1485339 0.03709967 0.1153412 -0.0266626 0.03659234 0.08343728 -0.2671713 -0.06061932 -0.007010454 -0.422284 -0.1518611 0.5521267 0.001819789 -0.03655139 0.0395085 -0.3317145 0.4807936 -0.6820555 -0.0158098 0.04479395 0.1504551 -0.2432496 -0.2005955 -0.003085907 0.004836078 
-0.8884928 0.403099 0.1216519 -0.2433745 0.2668961 -0.5640051 0.6289404 -0.2515706 -0.0838547 0.02811253 -0.02061982 -0.0593937 -0.09776639 0.08247158 -0.320732 0.4932437 0.4506729 0.3203853 -0.4498588 -0.1796095 -0.0006844661 0.2166924 -0.08437079 0.4951428 0.3829859 0.6404158 -0.1554759 0.3227744 0.02871131 0.3114243 -0.05861827 -0.08811131 0.2622942 -0.4537067 -0.3630595 -0.1252938 -0.4365206 0.01412576 -0.219988 -0.04723855 0.2987506 0.02645785 -0.4975373 0.3671377 0.1408346 -0.2269004 0.6145574 0.06989068 -0.5840035 -0.164763 
-0.004181013 0.005261173 -0.07782394 -0.3332091 0.01155779 0.272249 -0.07222223 0.06541306 0.07858378 0.0002634051 -0.05323029 0.7399049 -0.0596505 -0.4849185 -0.3846849 0.004572568 0.01212017 -0.4032986 1.13348 -0.07113057 -0.1412092 0.5199178 0.8153371 0.0313341 0.3756987 -0.03720699 -0.01422205 -0.07061472 0.3909632 -0.299333 0.08673185 -0.1089289 -0.1243615 0.1353499 0.389449 -0.07929268 -0.3523483 0.1938908 -0.009661973 0.1470098 0.3337824 -0.2506132 -0.1218191 0.1479555 0.04695419 -0.2354106 0.05768913 -1.229651 -0.01776356 0.1301689 
-0.1394433 -0.02841026 0.003791883 0.1630694 -0.1092799 0.4239858 0.01705378 0.1616763 0.4469615 0.192428 0.2413936 -2.525139 0.02886496 0.01006499 0.3797333 -0.2937332 -0.154093 -0.2037703 -0.4641151 0.4674706 0.2601457 0.388224 0.04489262 0.02270706 0.1614104 0.4978068 -0.1151225 -0.3237405 0.1185369 0.2305336 -0.07998174 0.02201054 0.1106808 -0.3454549 -0.3046573 -0.1425778 -0.345652 0.3924562 0.4582654 0.4057597 0.3785517 -0.2199523 0.00621469 -0.0200466 0.3252125 -0.3238142 0.3072021 -0.07992882 -0.6973035 0.1779684 
-0.07842568 0.06001183 0.001117061 0.231747 -0.2607487 0.0427124 -0.3146346 -0.5328763 -0.8089186 0.4360106 -0.4882483 -0.2232952 0.05817169 0.4742008 0.3227595 -0.2025453 0.04513549 0.1212516 -0.3526085 -1.173439 -0.005016625 0.1446831 -0.09568003 0.4290304 0.3078873 -0.05632403 0.002430605 0.2774587 -0.02830776 0.09463898 -0.1329359 -0.04758853 -0.03756711 0.03518596 0.3271116 0.1619301 -0.05742119 -0.01358792 0.0343191 0.0006890714 -0.3740117 0.0003972694 -0.464439 0.524226 -0.3358795 0.03720413 -0.02907467 0.2338374 0.3076018 1.675849 
#
-0.006333632 -0.1475634 0.04413083 -0.04547316 -0.9968398 0.1577298 0.1911777 -0.202199 -0.04314401 0.0003598823 0.04309779 0.4286947 -0.6539176 -0.2675696 -0.1421197 0.0009583412 -0.3406022 -0.1823998 0.1023712 0.3484203 0.4745116 0.1580995 0.981369 -0.1468529 -0.02031344 -0.006835143 0.4936713 -1.720358 0.1607109 -0.3046619 -0.2640866 0.3555181 0.4313598 0.4380853 -0.01091918 0.05788188 -0.01582974 0.134995 0.4039249 0.3011449 -0.0210481 0.3139559 0.1790252 0.7849512 0.09572751 -0.3798224 0.2595674 0.1378426 0.2253712 -0.03867355 
-0.0399128 -1.149985 -0.01675162 -0.6297705 -0.3673459 -0.2645491 0.3121252 -0.1276655 -0.2903517 -0.01790301 -0.3588722 0.3131936 0.3635509 0.04472578 0.01559696 0.05422818 0.2517613 -0.06106728 -0.2084512 0.09636855 0.3381001 -0.2729157 -0.1149358 0.4505011 -0.8675515 0.1523847 0.1847581 -0.1383235 0.4546524 -0.06177133 -0.1640752 0.1122908 0.3360606 -0.08453825 1.51633 0.01837713 0.1294117 0.4154529 0.006891191 -0.3655493 -0.1336076 -0.0552473 0.4894196 0.01267976 0.004419895 0.3827163 0.09941214 -0.01213766 0.2316401 0.01154982 
#
##### Level: 4  Time: 349.1667 #####
##### 2022/12/19 15:45:26 ##### Type: Tanh
