##### 2022/12/19 15:40:22 ##### Type: Tanh
-0.381923 -0.09660044 0.04080059 0.1154814 0.0128773 -0.1438712 2.410636 
-0.0004112036 -0.4204798 0.05617772 0.3885888 0.1734049 0.2385284 0.006943364 
-0.08458062 -0.176797 -0.1586952 0.2150915 -0.2426202 -0.3716279 -0.14079 
-0.7021063 -0.04412592 0.4679074 0.1912237 0.1736207 0.2995628 0.3376188 
0.4037156 -0.118151 0.1084477 -0.1193711 -0.4086924 0.1535855 0.3335612 
0.001390971 0.034489 0.01696809 0.3323944 0.05865227 0.2617768 -0.4389614 
0.8720497 0.006291389 -0.09703059 -0.004637822 -0.002514148 0.4867324 0.06166918 
0.3368973 0.0001300111 -0.03654283 -0.3141413 -0.3021317 -0.02104917 -0.0201898 
0.1622311 0.04261638 0.125458 0.01903268 0.02190626 0.5460566 -0.01386723 
0.1160299 0.003521316 0.3288254 -0.008827973 -0.2242277 0.3094153 -0.4709477 
0.07233334 0.4885582 0.1807839 -0.2116397 0.3314896 0.002531011 -0.5934737 
0.335037 -0.2703754 -0.04773924 0.1750348 -0.5245532 0.007053077 -0.4818283 
-0.2416723 0.08991218 0.04666954 -0.001123065 2.133593 -0.0004420242 -0.1931982 
-0.1022416 -0.008460038 0.1236246 0.1539742 0.3673513 -0.04495209 0.08752354 
0.377509 0.2766073 -0.08897287 -0.3559029 0.06733321 0.1438778 -0.2877826 
0.01051112 -0.386001 0.5945186 -0.2960111 -0.09428633 0.8138244 -0.4906974 
0.6834325 1.131637 0.1820057 0.0002725663 0.117426 0.08876435 0.04606174 
0.3650981 0.1145621 0.2295674 -0.03757465 0.4136585 -0.2505638 -0.03977513 
0.4935561 0.2202831 0.1330832 0.07184583 0.3508403 -0.0657106 -0.0006522214 
0.2012202 -0.2989343 0.0001787156 0.2624809 0.04374614 -0.1089568 -0.8315944 
0.09823599 0.265081 -0.1811294 -0.1608448 -0.2557358 0.03274259 -0.1221982 
0.3296286 0.125923 -0.0988922 -0.05574183 -0.05398285 0.0764541 0.3873336 
-0.4480782 0.2757728 -0.3720342 -1.219444 -0.003132851 0.7073361 -0.06574538 
0.2855921 -0.4747785 -0.003457877 -0.1468698 0.02723577 -0.02581622 -0.5045917 
-0.005525655 -0.2337428 0.02926622 0.007914098 0.1256432 -0.1724322 0.4931088 
0.03015262 0.4490091 -6.59246E-05 0.2840285 -0.08797561 -0.1738839 0.7703618 
-0.0531804 0.1101737 0.4829646 1.031894 0.04957741 -0.08875374 0.4796621 
-0.02241077 0.08684786 -0.1999381 0.4821991 -0.005328517 0.09898001 0.02797787 
0.003124574 0.3702184 0.3686296 0.1224379 0.0807128 2.1049 0.000899012 
0.06009702 0.9733915 0.3763867 -0.01375755 -0.2409734 -0.2519213 0.006295883 
0.00228189 0.1173778 -0.1632953 -0.02574784 -0.4227135 0.2000574 -0.01449783 
-0.09239162 0.6269329 0.1580416 -0.06982666 -0.06377509 0.07262741 -0.02737537 
0.02068858 -0.000794284 -0.4184957 0.07454148 0.2140399 -0.1261067 0.1330165 
0.04470947 -0.2334877 0.04828582 -0.1648775 -0.065712 0.5500301 -0.4823279 
0.01176676 0.214875 0.420354 0.3840205 -0.3769676 -0.386797 -0.3765177 
-0.4796745 -0.04333031 -0.001435057 0.03875521 0.1521842 0.3675879 0.2339965 
-0.1361715 -0.2546651 0.1100269 -0.5671381 -0.03870815 0.3491484 -0.03568003 
0.06311558 -0.4578652 -0.2254965 -0.28256 0.1842958 -0.1171185 -0.1119554 
-8.286548E-05 -0.02292139 0.3924108 0.2470049 0.263257 0.3417424 -0.0401946 
0.01276326 -0.0330562 0.5181702 -0.01473953 -0.3770967 0.07762934 1.065254 
0.04647011 -0.1503516 -0.1248682 0.5513784 0.002656443 0.2914858 0.1149352 
-0.1032541 -0.1318274 0.2489496 -0.0327705 0.01344446 0.02933564 -0.2689543 
0.8567209 -0.4018867 -0.3959059 -1.636436 0.0001255287 -0.2688787 -0.007828591 
-0.1213916 -0.000610613 -0.426687 -0.1621396 -0.1124443 -0.112261 -0.4191289 
0.0006830186 -0.05134315 -0.2824401 0.32638 -0.1860142 -0.04048997 -0.3902454 
-0.002656371 -0.1564956 -0.08239973 -0.1354095 -0.0001038682 -0.1311456 0.7154627 
-0.0277683 0.01590648 0.1668818 -0.2988126 0.2006138 -0.1792347 -0.1318949 
-0.01149364 -0.3417096 -0.4055766 -0.943841 0.1697561 -0.47586 -0.1314212 
-0.3383551 -0.07470208 -0.1976186 -1.019578 0.09271318 0.01466298 0.008731493 
-0.2411578 0.06313212 -0.7736265 -0.7456741 0.2045401 -0.7011331 -0.4900681 
#
0.1446083 0.2224586 -0.486088 -0.02362553 -0.1593932 -0.1236671 -0.4551836 0.06041899 0.3781261 -0.2134729 0.01820903 0.1384202 0.2214416 -0.1224294 -0.4631523 -0.3589839 0.003956302 0.2017815 -0.1591687 -0.0241935 -0.01007085 0.1327118 -0.2718356 -0.3843611 0.05140966 0.290674 -0.390265 -0.9148378 -0.3622879 0.4595968 0.121673 -0.001525384 -0.2058093 0.001802622 0.07031924 -0.1452539 0.3316581 -0.2187855 -0.003352396 0.4977174 -0.3337377 -0.149775 0.08937769 0.2083719 0.06390055 -0.4992439 0.05124015 -0.001343213 0.009966556 0.8349025 
0.4807162 -0.0809717 -0.1226025 0.05576125 0.1774307 0.005940834 0.1054251 -0.2181719 -0.2424275 0.1838394 -0.4404658 -0.2649487 0.2970733 -0.478101 0.3809454 -0.4665119 0.3490133 0.2750257 -0.02902772 0.2665763 0.03648282 0.2882971 0.0849909 -0.1255666 -0.09698254 0.4311172 -0.3932633 0.08454716 0.3820591 -0.08964637 0.1165567 -0.006021903 0.04093183 0.2122877 0.06416146 0.4338199 0.1532695 0.338354 1.407587 -0.3759537 -0.03503593 0.7476126 1.432116 0.05924191 -0.3885283 0.1422915 0.2729205 -0.02163927 -0.0006311185 0.1793487 
0.197744 0.1034829 0.1796107 0.1203025 -0.1225124 0.006952874 0.1574451 -0.4733212 -0.436344 -0.1664147 0.4381163 0.01662304 0.01900698 -0.1250692 0.03209168 0.5137963 0.2087145 0.215087 -0.01914176 -0.3992159 -0.01860717 0.007943038 0.09496052 0.3011353 0.8802324 0.003439248 -0.07270557 -0.4602011 0.2617806 -0.3219529 0.2436225 0.08296758 -0.3260279 -0.08756871 2.330172 0.2375725 0.4320571 -0.1191716 0.4372129 0.05642105 0.07632321 0.134166 0.3541775 -0.09565932 -0.002061931 -0.07721595 -0.1133146 -0.4192325 0.529718 -0.01167341 
-0.1171443 0.6133628 -0.131634 0.03895313 -0.071906 -0.4032585 -0.181733 -0.06087626 -0.03327996 0.1965604 1.185206 -0.02560946 0.2353535 -0.4787043 -0.6951971 -0.02481546 -0.0363396 0.6774794 -0.4442943 -0.03166045 0.0007789186 0.0601781 -0.4113149 0.1571629 -0.4182836 -0.1466152 -0.2760468 -0.3014214 0.06781518 0.08465525 -0.6544194 0.03319146 -0.02710492 0.5407752 0.3625044 0.4579949 -0.00523541 -0.06522704 0.1147711 -0.2352875 -0.02975259 -1.627452 0.02598315 0.867965 -0.4054688 0.04797267 0.5211346 0.1474843 0.4097123 -0.09262568 
-0.2892421 0.1894391 0.12861 0.01365617 0.2140502 0.1393156 -0.001020849 -0.01276739 0.3085209 -0.02647144 0.469931 0.2274011 -0.02356299 -0.05147662 -0.3159213 0.001084765 -0.008967926 -0.002265067 -0.02709702 0.3135507 -0.3671917 -0.0002414858 -0.3563868 0.323753 -0.3560812 0.1843084 0.07892524 0.05381411 0.5346774 -0.01844718 0.3217676 -0.4077992 -0.1324207 -0.03069169 0.2581689 0.2637775 0.3361882 -0.2069103 -0.4560187 -0.4646211 0.4515588 0.001792198 -0.3261545 0.728612 -0.1013595 -0.1155739 -0.3694848 -0.3157008 0.2104633 -0.1811635 
0.05601671 -0.2900181 -0.2875116 -0.07855024 0.09981655 1.061332 0.2360823 -0.01319821 0.3910828 0.3417119 -0.2075946 -0.1080555 0.01741725 -0.6215715 0.4576589 -0.1360517 -0.3122142 1.002781 -0.2498382 -0.6394865 0.5060821 0.0479986 0.1033048 -0.05550236 0.4367422 0.2098322 0.05319512 -0.1424818 0.05843669 0.2155758 0.148743 0.02198167 -0.3310796 -0.003681734 -1.156236 -0.1492476 0.3765117 -0.07797211 0.5125163 -0.04111487 0.3550889 0.4270521 0.000976923 0.3971964 0.01420338 -0.03271281 1.649706 -0.4418969 -0.3985519 -0.2652482 
-0.3545842 -0.07722102 -0.06325776 0.02042931 -0.114844 -0.06271207 -0.01386646 0.3476376 0.4494665 0.8345378 0.2071207 0.01281841 -0.0671999 -0.188779 -0.4809912 0.3839609 -0.01154676 0.07080767 0.2228967 0.03015473 0.0007957569 -0.0755149 0.4997354 0.2024625 0.2393418 -0.4695752 -0.4675303 0.3302093 -0.07237748 -0.1648446 0.4141901 0.2956375 0.0299161 -0.02703485 0.02916138 0.3269385 1.062863 0.0008794031 0.129874 0.404442 -0.1603939 -0.2451165 0.3300676 0.1059964 0.3892313 0.4917433 0.1623287 -3.80611 0.4773829 -0.1263267 
-0.03016079 0.1745198 -0.2694988 -0.008291781 -0.00114738 0.0921541 0.3812505 -0.004826291 0.5446229 -0.004405627 0.2325541 -0.1128812 0.08726223 0.05925868 0.3952461 -0.08314972 -0.4014802 -0.4598131 -0.05901831 0.02424213 0.7456604 0.2052315 0.04783911 -0.2813629 0.05750447 -0.0001202086 0.2108386 0.02943295 -0.03572691 -0.4317222 0.4124532 0.4936368 -0.1440995 0.0814763 -0.01968763 -0.4538608 0.1547451 -0.4105482 0.3217059 0.09826589 0.08163171 0.3449044 -0.02523794 -0.06685636 0.2882528 -0.0001692548 -0.5621017 0.621591 -0.1077632 -0.003710097 
-0.2771621 0.4241147 -0.6051006 -0.3295495 -0.0001731216 0.004655317 -1.496279E-05 -0.6801693 0.1268847 -0.1233066 0.1364346 0.2122574 -0.004334886 0.01857328 0.07370944 -0.3933067 0.07948595 -0.06579503 -0.01392911 0.02119547 0.04000084 0.03946514 -0.1341332 0.07511081 0.02060285 0.01959714 -0.2932425 0.4691502 0.06212837 -0.3334904 0.03515327 0.2029602 -0.06008076 0.00671202 0.03015007 0.5949195 -0.08591674 -0.08559936 -0.1119059 -0.5365803 -0.03165177 0.06531811 -0.4587557 0.3514991 0.0143798 0.2933235 0.4610116 -0.1148129 -0.2208778 -0.1808431 
0.2087785 0.4784774 0.2783369 -0.1371366 0.08520932 1.081895 0.04651333 -0.1843837 -0.09699148 0.0419963 -0.6627715 -0.03937747 0.08477491 -0.01597905 -1.101783 0.1762607 -0.4798723 0.4122059 -0.717089 0.1715341 -0.7773858 0.3998348 -0.157689 0.0189562 0.01732339 0.01013012 1.038827 0.007967512 0.1729352 0.2509016 -0.2624035 0.4678515 0.07381272 0.2677146 -0.1797958 -0.2751331 -0.2423759 -0.02667308 -0.4818755 -0.00913481 -0.0197719 0.02097872 -0.08126563 -0.5257992 0.1785599 -0.1250529 0.3246683 -0.5560425 -0.8354348 -0.4770677 
0.003872413 0.3296734 0.3816335 0.07925861 -1.442907 -0.2479 0.01827442 0.3788263 -0.1510327 0.1059437 0.7383368 -0.4895946 -0.4686419 0.1726377 -0.755016 0.07718981 0.4036039 0.05047625 0.8912434 0.3597008 0.03734404 0.2507546 0.1589573 0.05861529 -0.3622884 0.1456955 -0.1172749 -0.1042408 -0.1898972 -0.1292129 -0.0198959 0.6024014 -0.06571974 0.3728946 0.03250504 0.01192123 -0.1871169 0.1576722 0.04197866 0.0001469285 0.09795977 -0.004145527 0.2381826 0.4021149 0.1976808 -0.02948666 -0.2446507 -0.3425295 0.1934057 -0.06804785 
-0.09149275 -0.02697582 0.1622197 0.01109165 -0.4859253 -0.3566797 0.3475406 0.0445037 0.2083278 0.02129024 0.216443 -0.3550286 0.4660326 0.1235098 -0.2547232 -0.4908193 -0.2645302 0.1173985 0.254534 0.01122169 -0.03065841 -0.04200727 0.2357426 -0.3698696 0.4464264 -0.003815327 0.2156508 -0.09168762 -0.8726098 0.4015642 -0.0363603 0.04096497 2.65887 -0.3393717 -0.02746306 0.199251 -0.01008658 0.3251445 -0.2802791 -1.599308 -0.2003977 -0.224493 0.01107899 0.09531754 -0.1672043 -0.06427196 -0.05115699 -0.2222937 -0.1348023 0.1738462 
-0.6850605 0.2624938 -0.08092615 0.4524692 -0.2065209 -0.1523265 0.4290401 -0.3665277 0.3403844 0.02643451 -0.02282721 -0.1795141 0.2644937 -0.8397292 -0.4843668 0.0671913 -0.03906006 -0.1486157 0.001010358 -0.05778753 0.4229118 -1.097934 0.0002306857 0.002908631 0.02256011 0.4546824 -0.008092975 -0.05411118 0.1610638 0.1583284 0.4866643 -0.3020439 0.03863615 -0.2361051 0.4261172 -0.2422045 -0.9535037 0.157927 -0.07979256 0.1235707 -0.2946019 -0.1045758 0.227107 -0.1253054 -0.1084169 -0.02408063 -0.3878479 0.1588512 -0.4683398 0.2085133 
-0.3509527 0.3727834 0.01016178 0.05324548 0.542379 0.2509178 -0.6844294 -0.004030406 0.09062499 0.007733019 -0.1526212 -0.4010966 0.007146831 0.0435986 -0.3285244 0.1413569 -0.08627361 0.08584598 0.06819545 0.03252615 -0.01852953 0.1691173 0.0368678 0.3195023 -0.06767914 -0.09663646 -0.01880963 0.3854101 0.3226662 0.2034598 -0.4293691 0.4375179 0.1291182 -0.3851035 0.8191445 0.1052061 0.2945888 0.03102845 0.7502441 0.5883639 -0.6847943 0.1475385 -0.2327679 0.1343952 0.001253984 -0.185268 0.09843019 -0.3064056 0.3884554 0.4437511 
0.2510922 -0.1935773 0.3248694 -0.3694527 0.06102319 -0.002087326 -0.1303115 -0.2745316 0.1786728 -0.3319478 0.216142 -0.224023 0.03895354 0.8359283 0.004402794 -0.2189772 -0.379745 -0.04062382 -0.003898018 -0.08041118 0.1497691 0.06063539 0.4420291 -0.001551201 -0.01532126 -0.7719356 0.4472418 -0.3955638 -0.7197095 0.002980409 -0.001215659 0.4332439 0.009054009 -0.4616714 -0.1602938 -0.162478 -0.02689999 -0.7530058 0.4754548 -0.03872138 0.198796 -0.09886958 0.4486474 -0.3885278 0.1716339 0.02369706 -0.4087592 0.3132627 -0.387347 -0.0840049 
-1.142982 -0.1299461 0.008884668 0.3833399 -0.3034706 0.2260552 0.05751711 0.1645762 -0.2453592 0.1397366 0.21037 -0.08832568 0.1456213 0.05964032 -0.3824097 -0.6501946 0.2748424 0.1381888 0.02248269 0.2208957 -0.05952078 0.3915552 -0.1903577 -0.3384889 0.355088 0.7199817 -0.3956413 -0.06522696 -0.09630249 -0.007483146 -0.06710166 -0.1295419 -0.01040632 -0.1271617 0.04524019 0.03722385 0.2135962 -0.1696724 -0.05279854 -0.06514416 0.482882 0.2171777 0.4641677 -0.09072131 0.4327863 0.112775 -0.03597412 0.5960828 0.1375151 0.5940439 
0.07923025 0.04336599 0.5094511 -0.3554274 -0.2772999 0.02923049 -0.2392686 -0.4270468 0.1310155 -0.05135095 0.03816668 -0.1585571 -0.01213818 0.2494413 0.2114084 0.3891273 -0.1382411 -0.01554038 -0.4581712 0.2844793 -0.03194454 0.3602695 0.4088107 0.3260075 0.3763364 -0.05107664 -0.08027855 0.07750446 0.3915828 -0.3464547 0.1698075 0.486646 -0.03098792 -0.2366558 0.04561836 0.4890285 0.02150142 0.0118619 0.241402 0.5337609 -0.08101207 -0.8519027 0.08254249 -0.4130509 0.06217963 0.4558913 -0.3179458 -0.252504 0.3975768 -0.4736573 
0.0001820516 0.3917145 0.8431271 -0.530917 0.3700812 0.001186335 -0.5129241 0.3485296 -0.7808133 0.02714604 -0.01410159 -0.1392779 0.09924287 -0.1972091 0.3296975 0.4938579 -0.2470305 -0.3121021 0.2894295 -0.2750734 0.06444985 0.1122998 -0.2825003 0.734175 -0.06860811 -0.453282 -0.118662 -0.1947753 -0.347451 -0.2797971 -0.4915093 0.3640866 0.3009804 -0.226079 -0.4698429 0.03901658 0.1032472 0.2777672 -0.3909644 -0.469523 -0.08253639 -0.7097852 -0.3988087 -0.4534739 -0.8108627 0.3596497 0.4439868 -0.1260296 -0.3048031 0.001387743 
-0.1848877 -0.4510897 0.001387658 0.197779 0.1609585 -0.01289903 0.4785676 0.1173477 -0.03452921 -0.4505869 -0.2339472 -0.4370168 -0.007042928 0.4843674 0.02110005 0.0714739 0.05942547 -0.6792452 0.07580955 -0.6455607 -0.1875806 0.01107732 0.423429 0.1707791 -0.04814981 0.2087958 -0.001534628 -0.3727723 0.4856846 0.4477926 1.127483 -0.154019 0.3977858 -0.2957327 0.04143983 0.0002960126 -0.3021917 0.04007371 -0.04433105 0.3293684 0.1025559 -0.3473352 -0.8258971 0.1957587 0.2479401 0.3259148 0.24702 0.4938141 0.01884937 -0.08439261 
-0.4907525 -0.2461038 0.2199226 0.04809473 -0.1422411 0.1134295 -0.0008413756 -0.3313918 0.1107708 -0.4318987 -0.1100894 0.1590776 0.6601293 0.0002319629 -0.1370668 0.08817059 -0.1437094 0.4530075 0.08440682 -0.1597626 -0.003407806 -0.006313461 0.2739691 -0.2406144 0.0666681 -0.04113822 -0.0401349 0.4539257 0.8138428 0.1044802 0.01773011 0.1728968 -0.2119893 0.02862459 -0.2544686 -0.6180799 0.603415 -0.1426815 0.5945504 -0.00433405 0.3324625 -0.2679813 0.2684822 -0.1340156 -1.535874 0.4972862 0.429217 0.2390861 0.09413777 -0.9983754 
-0.2462365 -0.47956 0.0004046798 2.932029E-05 -0.03433942 -0.4113424 0.06291292 0.2784896 -0.4703422 -0.1457277 0.04510188 0.4698468 0.2995098 0.3459983 -0.2137951 0.001817177 0.008239959 -0.5132139 -0.08654298 0.3291847 -0.4863111 0.308247 -0.4501065 -0.2005396 0.008431982 0.4704218 0.006153075 -0.6335955 0.01655794 0.0009957715 -1.0659 0.02776137 -0.09976516 0.3262947 0.1183587 0.08695303 0.323614 0.4811566 0.04011732 0.3311228 -0.01958385 0.4365011 0.3874079 -0.5330163 -0.2130656 0.1483695 -0.7446771 -0.5132575 0.2254473 0.1615507 
-0.1215769 -0.02724069 -0.01814318 -0.152863 0.9092783 -0.4905295 -0.07283686 -0.6854495 -0.04418789 0.8773078 0.01018231 0.4276834 -0.3762248 -0.07857852 -0.5771556 -0.04003853 -0.001426581 -0.4805143 0.4443545 -0.1102277 0.001379813 0.4688481 0.04218874 0.9340778 0.03827793 0.08013722 0.02263064 0.1701953 -0.04877669 0.2234465 -0.5850071 -0.003543858 0.002420839 0.3258581 0.002086081 0.3300963 -0.03356104 -0.4052511 0.997395 -0.2589247 -0.04138548 0.3755551 -0.3706082 -0.1359695 -0.060402 -0.1165979 -5.550999 0.5608767 0.09326065 1.011942 
-0.001106043 0.07211227 -0.003433049 0.4926279 -0.1215366 -0.3500059 -0.2062348 0.2222334 0.1199991 0.03596951 -0.4197422 0.1017269 0.3590775 0.001056778 -0.3857125 -0.002056283 0.509585 -0.5119146 0.4340849 0.04852086 0.3891945 0.289124 -0.07934613 -0.08634365 -0.004185495 0.02409548 0.02187024 -4.281499 0.2681837 0.001397766 -0.2784376 -0.2473637 0.003752075 0.004289806 -0.3834635 0.04738147 -0.4404238 -0.02088315 0.1427182 0.1455786 0.1660473 0.2170695 -0.3463058 0.1357292 -0.1654893 -0.009134709 -0.3346732 0.3451617 -0.1973652 -0.8049816 
-0.3661777 0.3716199 0.08210856 0.247286 0.7017293 -0.4820529 0.3636022 -0.4609598 0.0190446 0.2712148 -0.6418488 -0.2069444 0.09740027 -0.3804539 0.3366846 -0.4790248 0.001927722 0.03665001 -0.01164487 0.3447779 -0.1009374 -0.4883403 -0.3971876 -0.2051217 0.0759943 0.2625172 -0.1092338 0.2991798 -0.03226556 0.0641465 0.06826752 0.08538538 -0.005109754 -0.1647436 -0.0918922 0.6131212 0.09998232 0.01584842 -0.1266063 0.4775225 -0.2189775 -0.543048 -0.3742578 0.006427094 -0.08271966 0.2857718 0.4753872 -0.1111181 -0.003033117 0.02450086 
-0.06825561 0.4062523 -0.3283262 -0.0004511226 -0.333522 0.1230296 0.2938461 0.3299202 0.03218178 -0.09713405 -0.6037844 0.2741861 -0.05631024 -0.5462942 -0.3718525 0.04013244 0.682358 0.1485682 0.008255254 -0.1283268 -0.298904 0.5435996 -0.2480919 -0.3871356 -0.3747127 0.3538964 -0.7304417 -0.02250122 0.1351772 0.1129372 -0.07228985 0.6177769 -0.2522941 -0.2727472 0.3441136 0.2498983 0.1207997 0.02737913 0.5177748 -0.02054252 0.09082113 0.001076136 0.09004705 0.4232691 -0.03913394 0.2644024 -0.3851167 0.04873139 0.08762139 0.2608105 
0.06276762 0.358557 0.01064263 0.1454728 0.1269971 0.2200773 -0.3504357 -0.00117657 0.03807777 -0.1288151 0.02820829 -0.2565241 0.2134726 -0.07678903 0.0312955 0.8245891 0.0001460885 0.02097434 0.7508417 -1.958995 -0.3646466 0.01808637 -1.036143 -1.289153 -0.2218122 -0.158622 -0.1407874 -0.4997545 -0.01861933 -1.482623 0.2977262 -0.3551842 0.05888075 0.09151126 -0.1817271 0.1920669 -0.01688097 -0.05517735 0.1109676 0.1493561 0.06470042 0.1207934 -0.1251713 -0.2706396 0.1139279 -0.07640216 0.002042617 -0.9191065 -0.2046569 0.3458306 
-0.09341139 0.8695285 -0.6713949 0.3768995 -0.2276078 -0.2390568 0.002862804 -0.002728148 0.2513617 0.02951905 -0.09846146 -0.009014023 -0.4383084 -0.04311743 0.03522208 -0.6426116 -0.8234079 0.4852245 0.1426008 -0.01765338 0.2163815 -0.175148 0.08876672 0.03030315 0.03540581 0.1579111 0.3796415 0.1047081 0.5191393 0.2854075 -0.06243952 0.8265479 -0.08115634 0.4007282 0.1418731 -0.01117808 -0.2712303 -0.2325449 0.06347829 1.111331 -0.02743842 0.009133138 -0.5971086 -0.4792658 -0.07235033 -0.1908771 0.2162567 0.0182281 -0.1127494 0.2442434 
0.205608 -0.2906083 -0.193293 -0.06424941 0.05666628 -0.4774795 -0.1858674 0.2849905 0.4099443 -0.1185367 0.311083 -0.2940112 -0.05090195 -0.3847361 0.2984571 -0.0748108 -0.06700648 0.5078245 0.1765469 -4.257699E-05 0.3070662 -0.1061085 -0.1551726 0.0287261 -0.05201321 0.1193676 0.05742014 -0.5471778 -0.3901404 -0.07843055 0.1367611 -0.6813741 -0.5391295 0.7716602 -1.506055 -0.01536769 -0.2694837 0.003233487 -0.3348521 0.04799011 -0.2000885 0.2123223 -0.0003528548 -0.3468711 0.4591642 -0.3711993 0.2211069 0.1466651 -0.06687421 -0.4483901 
-0.0924242 0.0239874 -0.009181437 -0.420842 -0.9089534 0.08451611 0.1356815 -0.1405019 0.009746005 0.4900887 0.2963712 -0.02810022 0.1416642 0.01079311 0.1368816 0.7063187 -0.4424984 -0.2270414 -0.4131582 0.4544122 -0.05295274 -0.08850566 -0.7990463 0.3365954 -0.04512622 -0.06565996 0.2191646 -0.003403111 0.4849153 -0.5854451 0.01975632 0.07200246 0.1883297 0.04680717 0.429496 -0.1823686 -0.110186 0.5747307 0.2771853 0.09199982 0.04606355 -0.1157675 0.0005328991 -0.05610622 -0.1993303 1.495422 0.1202132 -0.01021327 -0.006448925 0.7850406 
0.2452016 0.4906436 0.1044634 -0.04189285 -0.1394354 0.1429845 -0.1223358 -0.04760446 -0.09468502 -0.07141106 -0.1331381 -0.1072968 0.09366888 0.2463769 0.01989517 -0.05163831 -0.1104126 -0.2368348 0.3191955 0.01619084 0.3952664 -0.1269824 0.2290012 0.09348372 -0.2411982 0.01566418 0.07440253 -0.04211649 -0.1860633 0.4728444 -0.1825023 -0.03117942 0.4653548 0.03063131 -0.1340173 0.1808929 0.4365579 1.340301 -0.1152094 0.04701979 -0.2504426 -0.3278199 0.08356645 0.3366865 0.2463973 -0.3535404 -0.04833561 -0.2579729 -0.01197385 0.01056689 
0.3082185 -0.2423785 -0.1107074 -0.05518829 -0.1424962 -0.4454666 0.1780385 -0.2675999 -0.02790045 0.1841454 0.1464472 0.305038 0.1301505 -0.2301689 0.0108476 0.4663564 0.3530399 -0.6999306 -0.01865027 0.0284582 0.01537288 -0.0378514 0.4815403 0.1059046 -0.2686225 -0.4764932 0.910545 -0.002615298 -0.1520972 -0.6419798 -2.739741 0.07825347 0.3216622 -0.2529093 3.163156E-06 -1.0392 0.07263321 -0.1585814 -0.1514959 -0.001797901 0.1561612 0.02918126 0.00281394 0.3165635 0.3834275 -0.06025029 -0.1118491 -0.5573077 -0.2559894 0.3507444 
-0.2224186 0.06880921 0.257367 0.01243573 -0.4173207 0.2309691 0.1897839 -0.3291038 0.009635879 0.2165287 0.1732404 0.002126124 0.2491744 0.3677158 0.5201716 0.0138427 0.4942487 -0.004474923 -0.07980993 0.0366868 -0.01097018 0.4224405 -0.4278499 0.08005679 -0.3431584 -0.2418596 0.272144 -0.001722212 0.06320748 0.4568977 0.05432731 -0.06448434 0.2421195 0.6985394 -0.1398465 0.1991292 -0.4370109 -0.05039686 0.04910464 0.008529549 -0.0004201714 0.04111558 -0.4042475 -0.2133471 -0.3170388 -0.4247601 0.4412726 0.1035244 -0.3156723 0.0884309 
0.1054326 0.04840449 0.1201285 -0.02227211 0.6356778 0.1729312 0.01199704 -0.3709888 -0.0107769 -0.08751287 -0.2516434 0.2682384 -0.1685951 0.06224013 0.08723849 0.1712005 0.08533674 -0.1265018 -0.01159072 -0.3127077 -0.3998007 -0.2776592 0.3826953 0.1713409 -0.4453401 0.0005864844 0.1852652 -0.2624171 -0.07949028 1.310298 0.009288817 -0.4932017 0.2057513 0.02132995 -0.2970452 0.4871995 -0.2283966 -0.003721068 0.3029041 -0.001940036 -0.1586257 0.002640323 -0.05102686 -0.2083779 0.1209493 0.03149274 0.7231805 0.1521543 -0.1568435 0.1312012 
-0.4480301 -0.1211933 -0.1596745 -0.01626336 0.01832928 -0.01526434 0.02983596 -0.01116812 0.02429931 -0.4953945 -0.2696398 -0.02327704 0.2017357 0.1022153 -0.3389319 0.12251 0.404605 -0.3253413 0.3703283 0.1371525 0.003358901 0.09820229 -0.1988036 -0.002359971 -0.0406982 -0.2860601 0.227155 1.336819 -0.1204268 0.001183256 0.230638 -0.04315048 -0.0305388 0.009227008 -0.3236713 0.04285108 -0.02441632 -0.07950276 0.1695819 -0.2000798 0.1195501 -0.2158965 -0.03982807 0.5580678 0.01451726 -0.4723865 0.00640949 0.003538072 -0.02105395 -0.004235961 
-0.3218576 -0.4431702 -0.03469568 -0.3701588 -0.1184052 -0.1312031 0.006967951 0.2803132 -1.099715 0.1684206 -0.3001602 0.2124574 0.02155524 -0.05381394 -0.1131105 -0.1905035 -0.1217502 -0.1979727 0.2113004 -0.007387568 0.01002076 0.02791415 -0.3628972 -0.2777509 0.2156459 0.3199536 0.1964344 -0.4984049 0.3224536 -0.1562955 -0.2613643 0.08308118 -2.029868 -0.0580533 -0.02565094 0.00411252 -0.4369562 0.1669595 0.7998732 0.3974471 0.003268633 -0.2613249 0.1488544 0.02245653 0.2587107 0.243574 0.2121593 -0.02123259 -0.2054625 0.001766815 
-0.5637688 0.004460394 0.5135146 -0.3730886 -0.08024907 -0.002870533 0.02388049 -0.003841957 0.0332057 -0.1604373 0.2846398 -0.03152686 -0.09560646 0.6829947 -0.2316044 -0.0008239657 -0.4142509 1.003561 -0.1206565 -0.1073869 -0.1368569 0.4931158 0.02530742 0.0167435 -0.4062538 0.03739016 -0.7000149 -0.230972 1.05428 0.06718753 -0.115583 0.1494184 -0.06548947 1.208558 -0.1494846 0.31627 -0.08557767 -0.2937546 0.2748505 0.1184964 0.0001089378 0.1315766 0.4242657 -0.1603085 1.349059 -0.1574953 -0.04003979 -0.01509147 0.0242114 0.01556941 
0.06394579 0.2206797 0.04187818 0.4654385 -0.2835693 0.4036261 -0.4512788 -0.09604865 -0.698303 0.3093935 -0.0543071 -0.04864786 0.007125318 -0.01734282 0.734359 -0.1910766 -0.2230678 0.0510315 -0.2096022 0.05110403 0.01932852 0.1560053 0.4738957 -0.3540178 -0.6772339 -0.4905983 -0.2794756 0.3499211 3.043351 0.3521855 -0.01376934 0.3874816 -0.5906604 -0.498412 0.5653124 0.07743106 -0.1254496 -0.004454711 0.3399389 0.3187545 0.434338 0.4921343 -0.04602515 -0.326306 0.1453366 0.1605083 0.1822914 -0.4861188 -0.21376 -0.3936716 
0.3285623 -0.3208272 -0.1492715 -0.1355564 0.1698046 0.08531171 -0.4850277 0.2089132 0.04136866 0.008653853 -0.0005561628 -0.01417557 -0.09617728 0.4754796 -0.2537787 0.0595893 0.04396855 -0.07759446 -0.07043344 -0.03854756 0.275022 -0.1704563 0.5216677 -0.003437855 0.2265329 -0.01116716 0.2232435 -0.4310654 -0.1740177 -0.6259758 0.1440105 -0.2905046 0.1218406 -0.009006227 0.04395097 -0.1348252 -1.369595 0.6821815 -0.1133491 0.08271138 -0.01802033 0.4712071 0.118812 0.2119754 -0.06546212 0.05989317 -0.3959422 -0.01674715 -0.175084 -0.1125594 
0.4138345 0.010069 0.4555578 0.2386983 0.1690362 0.354995 0.03472906 -0.3815273 -2.210137E-05 0.185222 -0.01447183 0.02699965 -0.0536854 -0.03146834 0.1740995 0.08309776 0.6602607 0.2537117 0.005626761 -0.2384278 0.1238015 -0.003839879 -0.001724356 0.1439402 -0.2399979 0.3144227 0.3110895 0.09686578 -0.7592339 -0.2728308 0.005813348 -0.8012024 0.07618684 0.4952497 0.3487362 0.01891603 0.02489176 0.0586013 0.00112901 0.2560492 -0.5644977 0.8981887 0.7072277 0.2243382 0.8073317 0.6016271 0.07288929 -0.03455 -0.4595264 0.05598271 
-0.3074378 -0.303142 -0.4245216 0.6968135 -0.4563352 -0.7393488 -0.0382938 -0.00788538 -0.2381379 0.2695625 -0.1242269 0.4482636 0.1509079 -0.2322473 0.004485906 0.4148715 0.05829152 0.383211 -0.08133256 0.3434469 -0.2183707 0.01369837 0.07440537 0.04726741 -0.2443266 -0.1564686 0.6721248 -0.4086199 0.2934822 0.2711345 -0.05041215 -0.1477805 -0.2291742 0.0002863088 0.1663884 0.7233126 0.1550104 1.390184 0.03155692 -0.2456746 0.01911328 -0.3079329 -0.4460285 -0.1301802 -0.1843882 0.001844025 -0.1498229 -0.1101438 0.07065421 0.06379972 
0.270619 0.005221304 -0.3220946 -0.06665903 -0.4537559 0.7501173 0.00821073 0.2518693 0.6021848 0.2211693 0.1914152 -0.5768282 0.06122573 0.1723177 0.157634 -0.2627739 -0.08585578 0.00493629 -0.332227 0.01485523 0.2335867 0.1739152 0.02010172 -0.2219966 -0.07768174 -0.08298634 -0.3433177 0.05759322 -0.08932465 -0.1615971 -0.3552989 0.3889827 -0.1147375 -0.2579364 0.01101011 0.1646083 0.4771662 -0.02409993 0.09422711 0.0004789783 0.1109322 -1.600794 0.8798403 0.4527637 0.3825558 0.04229368 0.3489262 0.05702704 -0.1882442 0.03181899 
0.3117876 0.1299721 -0.007603705 0.03083593 0.01541545 0.04538801 -0.2985317 0.05773577 0.1290007 -0.005433405 0.2601531 -0.4176707 -0.07356706 -0.3203609 0.03454682 0.4130138 0.03469672 0.4788013 -0.06787509 -0.01303522 -0.2697229 -0.01965532 -0.04732233 -0.1482853 -0.2760235 0.2695425 -0.05376965 0.0834921 0.3666537 -0.09236439 -0.0008858107 -0.1308357 0.2800756 0.2838572 0.005961669 0.1886604 -0.01472241 0.7763256 -0.2670656 0.0004724745 0.3220438 -0.1740888 0.05613116 0.0006129146 0.3317442 0.1460534 -0.3437977 0.4618869 0.04850316 0.01332172 
-0.3897883 -0.006239941 0.08110398 0.1549234 -0.1896414 -0.1997965 0.02136675 -9.706686E-07 0.3372893 0.01356708 0.388672 0.01373571 -0.04484051 0.119244 -0.4782178 0.2373798 0.0902473 -0.02048528 -0.0007239443 -0.1050459 -0.2682903 0.09858047 0.3517557 -0.002850867 0.01775407 -0.234981 0.3878961 -0.003284378 0.0007949369 0.3533248 0.4843103 -0.07804215 0.4937321 0.03914851 -0.4271551 0.02956301 0.04252946 0.3580147 -0.2331805 0.2349394 -0.4564655 -0.3715913 -0.0004303554 0.04864657 -0.0202173 -0.1278831 -0.3217356 -0.4919425 -0.8917762 0.3298204 
-0.0205139 -0.03646314 -0.4745283 -0.03233038 0.02004228 0.04759195 0.358475 -0.6140291 0.2107503 0.03213684 -0.07348794 -0.8370638 -0.4011575 -0.1822459 0.2793736 0.0975701 -0.0220963 -0.0501017 -0.4617801 0.08636349 0.08876111 -0.04362252 -0.4536251 0.2048035 0.03242978 -0.1951883 -0.4781181 0.2584332 0.0734393 -0.06526446 0.2146519 -0.04152447 -0.005149663 0.1068851 -0.03210801 0.6935009 -0.05778089 -0.02653833 -0.07262262 0.300908 -0.2338619 -0.1384514 0.001148538 0.2549973 0.430132 0.01377001 0.1720781 0.2668538 0.1625594 0.5110555 
-0.1400416 -0.2276519 -0.1330421 -0.02130879 0.2792835 0.0916056 -0.1289232 -0.2993385 0.3475453 0.04010988 0.3156055 -0.04608829 -0.136429 -0.001030701 -0.2997553 -0.503943 -0.3143806 -0.03877051 0.492288 0.0418358 -0.2518648 -0.1870968 -0.5806203 -0.01494187 -0.004580595 -0.09119838 -0.00768966 0.3176681 0.07212184 0.492657 0.03303954 -0.1896206 -0.7411599 0.4636637 -0.00368744 -0.008410908 -0.2051363 0.001497175 0.1568591 -0.2782732 0.4703737 -0.2511236 0.01832164 -0.4138275 0.01505133 0.1003521 0.2492895 0.0130218 0.240701 -0.3328087 
-0.01904502 0.006634878 -0.01037715 0.1065102 0.04041039 -0.03303808 0.4723765 -0.1264977 0.4767664 0.01370685 0.5251136 0.4305576 0.01439387 0.3202336 0.08897232 -0.165654 0.197744 -0.6453375 -0.08339947 -0.1884993 0.1364517 -0.1084857 -0.007866875 -0.007345288 -0.4689459 -0.1439421 0.04806131 0.3965693 -0.13508 0.2619307 -0.9618775 0.04701144 -0.2135303 0.00574386 0.01652509 -0.1454849 0.6123995 -0.1479457 0.1722042 0.02033954 -0.09137911 -0.463012 0.6820555 0.009507709 -0.1897324 -0.08996273 0.04012305 -0.01188577 1.848557 0.009569671 
-0.4786957 0.2224052 -0.1216519 0.2176999 -0.7021775 0.2964721 0.09629064 0.2936797 -0.303133 0.172722 -0.4189656 -0.02387713 0.09776639 0.0754579 -0.447365 -0.217542 0.0127301 0.1963308 0.3726478 0.3609945 -0.04846281 0.05046585 0.4158168 -0.4125442 0.4565482 0.6532275 -0.08349813 -0.3570756 0.07128146 -0.3808782 -0.01025588 0.2892264 -0.7082667 -0.1075855 -0.2988584 0.6227875 -0.498032 0.2145004 -0.5207406 0.05573456 0.04888342 -0.01728409 -0.1677199 -0.644931 -0.2638352 0.2712243 -0.3427372 0.06989068 -0.1907247 -0.1847021 
0.002167646 -0.1038872 0.04118623 -0.4201868 -0.06089704 0.2299841 -1.914072 -0.1318744 -0.1680802 0.01323551 -0.1080738 -0.7399049 0.484161 0.171574 0.3099414 -0.004572568 0.1449374 0.0987704 0.4659313 0.007414725 0.0194704 0.2825184 0.4132848 0.3244725 -0.3061093 0.1420901 -0.0172108 -0.3894545 0.3373534 0.05330366 0.1464819 -0.2952704 0.4522357 0.1242998 0.2671416 0.07929268 -0.6207616 0.06346487 -0.005077037 -0.009761069 -0.3337824 0.2506132 0.110981 -0.03671857 0.3626461 -0.07677414 0.1559365 0.784018 -0.01087183 0.008059671 
0.03601164 -0.2818145 0.00350515 0.3119932 0.9127731 -0.1622885 -0.1908769 0.1031874 -0.4469615 0.1421935 -0.2705811 -1.464317 0.09928939 0.01736169 -0.3797333 0.2937332 0.154093 0.1729462 -0.3947022 -0.2599094 -0.43951 0.3900633 -0.01523792 -0.2291417 0.1614104 -0.3965994 -0.307766 -0.1929086 -0.00344862 1.362419 -0.4808004 0.01231783 -0.09672705 0.07722586 -0.2166861 0.2860261 -0.1501979 0.04705652 -0.2607994 0.3488003 -0.2935882 0.0360967 -0.9815184 -0.06833869 0.05811481 -0.08996204 0.4066044 0.3509636 -0.4470034 0.1263805 
-0.01675154 0.1008783 -0.1594455 -0.3474412 0.2607487 0.1978876 0.2575487 0.526728 0.6501147 0.1160535 -8.548563E-05 -0.2232952 0.1981567 0.3621305 -0.09345422 -0.301173 -0.3157351 -0.0619205 0.3526085 -0.2557865 0.8136646 -0.3801067 0.09568003 -0.3739905 0.05502838 -0.07220264 -0.3888238 -0.3392762 -0.04994088 0.561489 -0.06903998 -0.4527828 -0.1795833 -0.03518596 -0.3629719 0.1286937 -0.03816739 -0.06665676 0.1082157 0.0063643 -0.2708114 0.009421051 -0.4709545 0.4728101 -0.225376 2.400434 -0.01893425 -0.08311432 -0.1824589 -0.6417 
#
-0.2727036 -0.4692242 -0.04413083 -0.2160415 -0.06017131 0.02894564 0.3826561 -0.1859524 -0.02307196 0.01329875 0.001835148 -0.004395507 -0.329431 -0.2714791 -0.1421197 0.05597471 0.1757848 -0.4999032 -0.0858793 0.4837185 0.3060125 0.09677576 0.5098071 0.2576482 -0.02031344 0.008568598 0.4333638 -1.524377 0.0702389 0.2229262 0.03595772 0.4672235 0.4313598 0.2196017 0.0217346 -0.08500046 0.1867828 -0.4712443 0.06190056 -0.2214736 0.02576405 -0.009903703 0.4186829 0.3114288 -0.09985188 0.1448701 0.746121 0.3437439 0.001342926 0.02987421 
0.1979573 0.6297415 -0.02807207 -0.524427 -0.2030992 -0.2645491 -0.4960372 0.0008757571 0.989415 0.009578995 -0.3077486 -0.1610777 0.06302821 0.4869809 0.03310366 0.03384627 1.227367 0.001718263 -0.4488614 -0.2073861 -0.01901311 0.3989488 0.1149358 -0.1102671 -0.06945091 -0.1523847 -0.2670485 0.4806813 0.2768969 -0.03017326 0.0197712 -0.1257358 0.6808022 -0.1149737 -1.816062 0.02831795 0.03215659 -0.05148748 0.284898 -0.3238374 0.009415874 0.3157054 0.1221453 0.04082343 0.008488795 -0.03070599 0.2993623 0.1392532 0.3736322 0.01154982 
#
##### Level: 3  Time: 243.8695 #####
##### 2022/12/19 15:40:22 ##### Type: Tanh
