##### 2022/12/19 16:3:19 ##### Type: Tanh
0.2263767 -0.04128205 -0.01630042 -0.113157 -0.6544977 0.2671851 -0.05385226 
0.3053253 -0.03874049 -0.709338 0.02152385 -0.2035054 -0.3065326 0.3847712 
0.08778491 -0.01467246 -0.1039362 -0.2904725 0.04982526 0.2041177 0.2492175 
0.01020008 -0.0007874008 -0.007586787 0.2358365 -0.4200781 0.2986462 0.5257724 
-0.1521532 0.8785193 0.2159141 -0.2195556 0.157442 -0.3962352 -0.02503454 
0.6232821 0.1672348 0.03899435 0.2438726 0.4245763 -0.5456259 0.02927655 
-0.01301978 0.05241207 -0.0007414028 -0.4295857 -0.01507391 0.1307736 -0.001527255 
-0.01990961 -2.753281E-05 -0.1057007 -0.2553391 0.008985385 0.6002576 -0.01676621 
0.1776364 -0.3030196 0.09093519 0.003076055 0.8680614 0.006024444 -0.01112136 
-0.2557833 -0.00274067 0.3078465 0.01169892 0.09593239 -0.05697984 0.3719423 
0.0607245 0.1285543 0.003321777 0.1799669 -0.2726514 -0.03882176 -0.003901259 
0.002619439 1.303323 -0.08919662 -0.005149499 -0.3996137 -0.4683394 -0.01626777 
0.1603074 -0.2307931 0.1538041 -0.3501391 -0.8446619 0.04280609 -0.2409925 
0.4293243 0.5911566 -0.130806 0.3076299 -0.15846 0.1396501 0.1759638 
-0.464129 0.1876918 0.09409155 0.06611484 -0.1045592 -0.004569836 -0.1582262 
-0.2530018 -0.001540827 -0.1782579 -0.0883103 -0.2983772 0.7000512 -0.1625872 
0.6606654 -0.03207575 0.5266031 -0.0006610142 -0.2596852 0.2260883 0.2908659 
0.05435069 0.2021292 -0.08633295 0.005322529 -0.4806331 -0.4351281 -0.03495198 
0.4716309 -0.0008156402 -0.003962869 0.301765 -0.08067513 0.2466602 -0.0217775 
0.1684295 0.1167774 0.05810271 -0.04859924 -0.08510315 0.01127142 0.2323187 
-0.05132908 -0.6533322 -0.1976527 0.1838583 0.07375579 -0.006872322 0.005485805 
0.5664359 -0.002079661 0.2108823 -0.0333723 -0.3379192 -0.1552037 0.3460999 
0.04532668 0.1065359 0.3705243 -0.2415418 3.920272E-07 0.5115517 -0.2979287 
-0.4324073 0.2040394 -0.1557802 -0.01359523 0.03561736 0.0632537 0.01097724 
-0.429616 -0.07771116 -0.03598669 -0.05510891 0.001717271 0.01020494 0.08196449 
0.3476492 0.5490888 0.2026257 -0.3262149 0.3575485 -0.6440705 -0.1814907 
-0.2935507 0.09749061 0.1255265 -0.03614997 -0.01846316 -0.06210048 0.1654509 
-7.420069E-06 -0.3408877 -0.07481823 -0.1156263 0.208567 -0.01006042 0.340829 
-0.02943844 0.03250194 0.04917151 -0.2785206 0.1013101 -0.4121249 -0.1940784 
-0.213532 -0.503849 -0.3763867 0.2463146 -0.08844835 0.08706925 0.04461163 
0.3038502 -0.4982365 0.08053195 -0.09624542 -0.2316573 0.1867277 -0.0009118394 
0.3560846 0.3362813 -0.3220769 0.1616266 -0.0682833 0.4014724 0.02183205 
-0.2604947 -0.1064057 -0.002138742 0.2655885 0.2698663 0.1735226 -0.01021081 
0.5301231 0.5617771 -0.2176831 0.00669394 -0.4951701 -0.4667301 0.1303643 
0.0001903131 -0.0004943667 0.344363 0.8994451 -0.1207435 -0.3806955 -0.5477165 
0.008116247 -0.1372323 -0.007608473 -0.01074903 -0.4274718 -0.4328936 -0.1210219 
0.1836249 -0.1455337 0.4123721 0.364484 0.009565569 -0.3446315 0.2295004 
-0.3023263 0.5647981 -0.2437815 0.5049891 0.1834676 -0.0428885 0.1266299 
0.1391179 0.5241579 0.3147236 0.03184116 -0.09868556 0.001651703 -0.02147211 
-0.007083108 -0.1830064 -0.5094743 0.006284034 0.316975 0.4047177 0.2027046 
0.06747233 0.02306668 0.02291757 -0.082223 -0.1152398 0.1702881 0.01170036 
-0.2793477 0.1564408 0.05379724 0.4003856 -0.2740535 0.2727591 -0.5263639 
0.05351122 0.1255599 -0.194178 -0.5729563 -1.65339E-06 0.3374054 0.3079126 
0.2321107 -0.4261122 -0.4405965 -0.5471627 0.4346031 0.0241438 -0.07595378 
0.01138002 -0.001460359 -0.7221366 -0.2563237 -0.1511931 -0.02390414 -0.05457405 
-0.1226081 0.2933656 -0.03366198 -0.2248372 -0.008205209 -0.1095186 -0.01762184 
0.01282205 -0.3616825 -0.319855 1.76469 -0.1149264 -0.1953027 0.2469485 
-0.6281852 0.3445383 0.1957986 0.04858786 -0.0386813 -0.05790954 -0.4038025 
-0.4235458 -0.6090637 0.09105883 0.1547573 0.1748172 0.01860656 -0.2000736 
0.02602795 0.179347 -0.08395343 0.1909518 0.1626305 -0.2571225 0.446748 
#
-0.01982119 -0.1007447 0.9413394 0.474613 0.2735091 0.03507584 -0.4123505 0.1002632 -0.09511473 -0.06675551 0.5476943 0.6240758 0.3083916 0.266829 0.4982305 0.1830212 -0.1055646 -0.006514606 0.1678548 -0.2457986 0.05787891 0.009604751 -0.05039567 0.08336241 0.2969835 0.3570013 1.18724 -0.5388039 0.02671767 0.1837863 0.3626357 -0.1388856 -0.028131 0.002117817 -0.001877532 0.1718615 0.4205115 -0.05121642 -0.1399014 0.06711397 0.02008299 -0.1430081 -0.461728 0.04958335 -0.4992629 0.09991113 -0.01558902 -0.008686088 -0.01353779 0.09718139 
1.103279 -0.4132487 -1.362475 -0.1510477 -0.5571671 0.4636381 0.3609259 -0.5159962 0.3951398 -0.06618977 0.02183313 0.1055192 -0.06866831 -0.1501812 -0.003433661 0.08725743 0.1085156 -0.1434047 0.04530627 -0.9321544 0.4059816 -0.02095574 -0.02489525 0.05831938 0.1339443 0.1596746 0.03422579 0.05078729 0.158684 -0.07696507 0.145633 0.2270529 0.3425928 -0.01507215 0.03738298 -0.08050319 -0.4736903 0.6291423 0.02134746 0.3429098 -0.4563339 0.2637798 0.3437042 0.09341615 -0.5967839 0.3035841 -0.1682883 -0.05224401 0.0001096178 0.2076288 
0.07325047 0.1613216 0.007971257 0.1716565 -0.6822662 0.3842676 -0.2038995 -0.2666122 0.1500375 -0.4603609 -0.02185887 -0.09907109 -0.2127791 0.1408229 -0.1049383 -0.3789349 -0.03182989 0.3416424 0.03009719 0.07726441 0.07928115 -0.4458323 -0.008783466 -0.1207104 0.05980557 -0.4578265 -0.003724371 0.2281705 -0.5607902 -0.3438895 -0.5532911 0.08362538 0.31915 -0.003210937 -0.1134041 -0.1226805 -0.3837026 0.2379366 -0.5492232 -0.805167 -0.1945328 -0.02650648 -0.04550824 -0.01146704 -0.1166993 0.3733352 0.1344403 -0.0163275 -0.04371196 -0.2878641 
-0.3031658 -0.4810643 -0.2337049 0.4453837 -0.340946 -0.001237278 -0.1866742 0.005192453 0.3217474 0.03319007 -0.002747255 -0.1931337 0.0664337 0.1772576 0.2649991 -0.4388276 0.1551341 -0.7900962 -0.07652345 0.2187759 -0.4410378 -0.04303061 0.06306139 0.06885666 0.4801282 -0.2860737 -0.4174783 0.145982 -0.06911953 -0.1734523 -0.3520161 -0.2221838 0.04871373 0.2144748 -0.1357793 -0.3009359 0.002866467 -0.4838285 -0.06018448 0.3784571 -0.1947529 0.008907767 -0.2550869 0.2281778 0.1337091 0.5261183 0.01182474 -0.2936574 0.5063364 0.02992455 
0.2409346 0.04687477 -0.3263013 -0.2588909 0.08835095 -0.2083009 -0.4681206 -0.4544344 -0.1286618 0.2091119 0.1205353 0.03074194 -0.1664775 0.9481547 0.2788362 0.0894587 -0.5792308 -0.3577362 0.1628439 0.4951901 0.02194734 0.3086703 0.09573749 -0.4323654 -0.396457 0.08178324 -0.3282433 -0.004752219 -0.8290024 0.4172689 0.3104612 -0.3429713 0.02718173 -0.01243503 -0.2923981 -0.7825752 1.545186E-06 -0.6257952 0.006953233 -0.003771936 0.009046486 0.1478356 0.150001 0.0002048489 -0.2980144 0.111182 0.01895771 0.009059636 -0.3595009 0.4251263 
-0.4091853 0.1613735 -0.2951834 0.155832 0.09698015 3.559838 -0.114187 0.3838693 -0.4651206 0.3615647 1.125964 0.3908001 0.2226096 -0.2537355 0.2459338 -0.1485284 -0.2386269 -0.05787164 -0.1610257 0.0562619 0.8062733 0.004503006 -0.03278487 0.02608265 0.08873406 -0.1924101 0.1064679 -0.1958682 0.1246888 -0.1305478 0.1380367 0.03958954 -0.04637951 -0.002481158 -0.1998633 0.5074419 0.3492047 0.7101002 2.160872 -0.05945319 -0.7369562 0.07371812 -0.2162936 -0.5792387 -0.2472172 0.0001970231 -0.0759394 -0.02166081 0.1103042 0.1159058 
0.08803502 0.1399284 -0.03526072 0.002324704 0.07633073 0.1961142 0.02489409 0.2013467 -0.04590505 0.003299063 0.007733976 -0.752748 -0.05148643 0.2704551 0.003344216 0.3360565 0.007928563 -0.02573483 0.4754814 -0.0202274 0.2320422 0.008559549 0.4609126 0.2727163 0.1534378 -0.1274828 -0.2915596 0.363546 -0.2375261 -0.04175777 -0.0160554 -0.0009351721 -0.1630578 -0.15725 -0.1883464 -0.1331891 0.9448656 0.2912856 0.05402817 0.6399804 -0.02266233 -0.1792893 0.3757043 -0.007617069 0.1226215 0.01314662 -0.08436415 0.8784162 0.01819134 -0.03752881 
-0.1606867 -0.1340381 0.1064321 0.002972543 -0.02658709 0.07139718 0.2157188 0.003043551 -0.414099 -0.3466313 0.02318821 -0.3686 -0.401827 -0.4628291 -0.03378532 -0.04614001 0.1427683 -0.02248603 -0.228427 0.01397417 -0.1149754 -0.1324907 -0.4156947 -0.2894126 0.1199957 -0.294005 0.02792317 -0.3825122 0.01171923 -0.2039589 -0.02769488 -0.2310829 -0.2173234 0.006390498 -0.0001195105 0.1744143 -0.01193947 -0.1657264 0.4709467 -0.001361176 -0.2409479 -0.2138333 -0.1829819 0.009798248 -0.01987064 0.0001935332 -1.01801 0.1171996 0.02966309 -0.4100463 
0.8452891 0.4306909 0.3468558 -0.05355519 -0.08117765 0.4917082 0.3947944 0.2701082 0.3901595 0.360546 0.01223561 0.4012604 -0.3527173 0.1256846 -0.4160738 -0.05842972 -0.1059924 -0.3662368 0.1030506 -0.2977447 0.1012386 -0.2478321 0.0003257009 -0.0296425 -0.162195 -0.03100755 -0.2508192 -0.05828429 -0.4581095 -0.2481811 -0.3923927 0.08548877 -0.2440154 0.1368084 0.1556498 -0.1960701 -0.0004092135 -0.1047351 0.2343759 -0.189698 0.4894139 -0.1840016 -0.02630716 -0.4827403 0.1187011 -0.4479656 -0.04827263 -0.2255999 0.02805398 0.4431856 
0.01304996 -0.1112717 0.05714699 -0.6314106 0.1285796 0.01089806 0.1744809 0.3065454 -0.2829801 -0.005331737 0.2746581 -0.4039806 0.3075276 -0.0332219 1.402152 0.2506886 -0.4173384 -0.270749 0.9888992 -0.02536865 -0.1984159 -0.04902285 0.07431157 0.06931764 -0.08949167 0.3645028 -0.1693318 0.137599 -0.06147105 0.01901153 0.282508 0.1268489 0.2839774 -0.4204551 0.003564242 -0.03749447 0.4529694 0.4037634 -0.007237852 0.0003606787 -0.5936747 -0.1985077 0.06264309 0.7874207 0.2399244 0.05192877 -0.04801372 0.2115555 -0.443645 -0.4686178 
0.269187 0.3566892 -0.09640795 -0.3615897 0.0008250849 -0.2569537 0.1648102 -0.07218558 0.1510327 -0.3700038 -0.7397696 0.4374092 -0.1951651 1.323142 0.2835963 0.01923507 -0.1142393 0.1171672 -0.470534 0.4645066 0.003831609 -0.004205883 -0.05801725 -0.1693431 -0.4974548 -0.03402209 -8.348358E-07 0.05446034 0.09819561 -0.4678291 0.3183748 0.8562759 0.06584054 -0.005220376 0.3967749 0.05211048 -0.05067336 0.1005983 0.3509216 -0.4275981 0.1305845 0.1679455 0.3015015 0.1349882 -0.02925164 -0.2918653 -0.1892182 0.2971392 0.4258384 0.06804785 
-0.1860307 0.3245994 0.003974444 0.1321559 -0.01905225 -0.5746065 0.2792069 -0.3985184 0.1672415 0.5117339 -0.009076111 0.2465995 0.4356488 0.2451894 0.2087369 -0.2561873 -0.1527271 0.108676 0.4638073 -0.01965822 0.0003108555 -0.4812571 0.6590021 0.02593494 0.1181154 0.499031 -0.3432952 -0.002810419 -0.3427351 0.08972102 -0.07688724 0.2756547 -0.06444031 -0.1670128 -0.006841306 0.2733773 -0.472007 -0.0003841225 0.574427 0.2394806 -0.2385157 -0.02070366 0.07115608 -0.3175758 0.04599701 0.1145548 -0.01185325 -0.1950977 -0.2809992 -0.00463491 
0.2695744 0.04503957 -0.0004269411 0.02754839 0.327195 0.2888771 -1.301797 0.01255733 0.05484191 -0.08550078 -0.09646752 -0.1532326 -0.3681282 1.146637 0.3357728 -0.09168532 -0.4073793 -0.3085791 0.00426903 -0.3608364 -0.2691595 0.002773662 -1.649369E-05 -7.256341E-06 0.1812661 -0.08659154 -0.4549204 0.1545286 -0.8579177 0.3257762 0.04480684 0.09316009 -0.02056319 -0.2699364 0.03885037 0.03830337 0.1094943 0.01274911 0.02843945 0.6485367 0.2809629 0.2317506 -0.9035985 0.3000805 -0.4191452 -0.7024707 -0.7548122 -0.09701937 -0.01095563 0.4640874 
-5.059458E-06 0.00497661 -0.0619593 -0.3547964 -0.05640811 0.3086235 -0.1242998 0.1191401 -0.207182 0.0002681032 0.2564061 -0.01622421 0.01942479 0.007085581 -0.2345069 -0.245642 0.3522116 -0.3978872 -0.08078026 -0.1408016 0.1735801 -0.1383493 -0.7428228 -0.08693129 0.2175314 -0.3788041 0.484583 -6.648576E-05 0.01225457 -0.7594587 -0.09302276 0.3240933 -0.183729 -0.3955958 0.08347026 0.7571657 -0.3441424 0.2939884 0.4898852 0.09391266 0.3363899 0.2483508 -0.1805329 -0.2991062 -0.002140105 -0.08809035 -0.4470218 -0.579363 -0.06075916 -1.68303 
-0.09172781 -0.3764619 -0.1077911 -0.6987285 -0.0007958961 -0.02696417 0.005999979 0.07538136 0.5150865 0.0299423 -0.1552235 0.423806 0.1630958 0.1182206 0.002921908 -0.0001751767 0.4273068 -0.003082454 -0.07962715 -0.5442961 -0.1084054 -0.05114489 -0.4609332 -2.191787E-06 0.01202595 0.2897226 -0.3232458 -0.4989722 -0.1674754 8.170253E-06 0.3270099 0.0279991 -0.09766319 0.1570057 -0.2995833 -0.006323334 -0.1437254 0.05132729 0.1509364 0.1838901 -0.05902108 0.03970006 0.2123352 0.2510165 -0.3999323 -0.1783778 -0.01154046 0.3129371 0.0573137 0.009160284 
-0.7730467 -0.01285355 0.01162534 1.835394 -0.3189917 0.09768637 -0.3212616 -0.2571186 0.03099859 -0.4996478 0.103792 -0.7268037 0.001279096 -0.003064319 -0.5167887 0.076219 -0.003696426 -0.5248058 -0.03219815 -0.1265003 0.4370196 0.5976672 0.05816109 -0.129383 0.2523504 -0.5497898 -0.09184387 -0.06359205 0.4257017 -0.0007584102 -0.01407818 -0.113555 -0.3179237 0.3503982 -0.1418342 -0.1641054 0.6287686 -0.2547973 0.07924108 -0.02729577 -0.493017 -1.270959 -0.302194 0.09072131 -0.1067755 0.09609331 0.4665841 -0.2462667 0.1370939 -0.4869995 
-0.01791944 -0.001069189 -0.4735115 -0.01350582 -0.2769868 0.172091 0.008236825 -0.001941319 0.1394533 0.2785555 -0.01534727 -0.08712377 0.390479 0.08730897 0.2541524 0.7644668 -1.097283 0.0855964 -0.04409382 -0.3597114 0.0004929795 0.2478127 0.1572881 -0.003992599 0.04806849 -0.1225212 0.1105779 0.04151076 0.6688281 -0.1474635 -0.3648025 -0.05159277 0.008804907 -0.2403077 -0.0004295338 0.001989862 0.05186456 -0.6151369 -0.7678341 -0.3859042 -0.02112333 0.4946256 -0.3636202 -0.3263991 0.1751838 -0.2792138 0.09351602 -0.04455223 0.5027721 -0.3404495 
-0.5436 -0.01466723 0.09861182 0.321263 -0.1373999 -0.05243158 -0.1227476 -0.4511738 -0.1997405 0.2607484 0.2847378 0.3251942 -0.3650231 0.06601959 -0.01903403 0.4869757 0.4389335 0.07580943 0.1620757 0.02720422 0.09834778 -0.04617587 -0.3852371 0.000170005 -0.03258961 -0.1255426 0.04610214 0.01406496 0.04455287 0.2867428 -0.4207505 -0.133799 0.1410156 0.1114442 -0.03878766 0.2501974 -0.3450869 1.158286 0.3823317 -0.466118 -0.1851218 -0.2093915 0.262478 -0.3669041 0.4881126 0.05997046 -0.4096423 -0.02808297 -0.2238317 2.625119E-05 
0.001218453 0.2961854 0.4802184 -0.03234214 0.05530217 -0.3804045 -0.02401893 0.157091 0.01806075 0.04949214 0.0984486 -0.05275279 0.01231391 0.3131723 -0.04692892 -0.240885 -0.4950955 -0.08424789 0.4330492 -0.2146201 -0.2123998 -0.09419081 -0.1477782 -0.2147127 -0.4080878 -0.2349233 0.001957715 0.02851698 0.6254538 0.01088715 -0.1496494 -0.002197882 -0.1444783 -0.4314785 0.1040743 -0.7062194 0.00479588 -0.02183127 0.342362 -0.04260912 -0.2644796 -0.1825535 0.01555485 0.08567864 0.001346846 0.522971 0.3253148 -0.07472084 0.465405 0.0614121 
0.005338429 -0.01314491 -0.03060318 0.01792677 -0.2485118 -0.6323242 -0.0006493319 -0.3167037 -0.2431982 -0.3138161 -0.1843242 -0.2057256 0.05879407 -0.1001292 0.08658706 -0.004860562 -0.004398364 -0.3051564 0.2825589 -0.05824296 0.1232624 0.3990394 -0.01866275 0.2278569 -0.02528328 -0.1474401 -0.1386409 0.3600608 0.3470168 -0.03408159 0.5811061 0.2455187 0.07049209 -0.03601717 -0.2530651 -0.2518106 -0.4501317 -0.4964079 -0.4340417 0.02194761 -0.06569339 -0.1271958 0.3705424 0.4953315 0.4529255 0.4337093 0.4903007 -0.8198646 0.013846 -0.2933234 
0.3896649 -0.4818193 0.07980917 -0.8434526 -0.2668301 -0.7249848 0.3742373 -0.1905984 0.2582839 0.2124942 0.004318768 -0.1122043 0.006806424 0.2330061 -0.02387947 -0.04959144 0.1112012 -0.01478356 0.005410559 0.2130575 -1.252757 0.2825944 -0.1330424 -0.01794399 -0.3872861 -0.1461837 -0.1750119 -0.3827614 -0.5868796 0.3764567 -0.1806652 0.168351 -0.02170461 -0.3540701 -0.01118664 -0.3583796 0.02536468 -0.1893181 -0.3334213 -0.3311228 -0.3004335 0.2156614 0.3906024 -0.068105 -0.04657871 -0.0206243 -0.08125049 0.3428787 0.01424349 -0.5579798 
-0.1256716 0.3591229 -0.3470033 -0.4935772 -0.4295785 -0.1897636 0.06640171 0.02667862 -0.3906819 -0.002713523 -0.945487 -0.2321306 -0.5454887 0.01238865 -0.4339778 -0.4663453 -0.3946123 0.03168872 -0.06130932 0.4837943 -0.003798385 0.4729679 -0.5085823 1.538131 -0.1301594 -0.1259517 0.03437358 -0.170246 -0.1201277 -0.4798573 0.3473393 0.1700175 -0.3066459 -0.2885636 -0.001227399 -0.08193543 0.35176 0.07517511 -0.2896388 0.0006048363 0.4961438 0.1392523 0.3349265 0.4008493 -0.008607339 0.3078227 -0.1058562 0.02649931 0.1465648 0.02210213 
-0.2752323 0.1214812 0.01926784 -0.3437377 -0.2438626 0.01408458 0.1192114 -0.1340286 -0.1644662 0.2559691 -0.5248844 0.2022079 -0.3674046 0.3905671 0.1816001 -0.001808311 0.05601628 0.1483298 -0.1477087 0.01290834 0.0195625 -0.3729229 0.5751585 -0.1264835 0.2944154 -0.6503271 -0.0227631 0.4530948 -0.7118243 0.2454015 0.2505821 0.2410145 -0.001280429 -0.2150691 -0.240752 2.303987E-05 0.2594344 -0.3783678 -0.1238135 -0.3952994 -0.2625892 -0.1065088 -0.2237347 -0.02194823 0.02728933 -0.4840558 -0.491203 -0.2501729 0.117327 0.09170038 
-0.4652604 -0.3435221 0.1288049 0.5882612 -0.1407816 -0.04202567 -0.382989 0.143938 -0.4039792 0.008936917 -0.3015739 -0.2849616 -0.01714709 -0.1428817 -0.6532796 -0.1361325 0.0002172958 -0.03564268 -0.04982985 0.3856455 0.1772475 0.1631159 -0.4958901 -0.02657884 0.01022562 0.000167026 -0.1630305 -0.03898929 0.1625874 -0.02445958 -0.247067 -0.02783472 -0.3456474 -0.1187052 -0.2313894 0.791381 0.3484602 0.07630742 -0.01408464 0.5854812 -0.05638009 -0.1593079 -0.5651307 -0.01376381 -0.2523979 0.4044924 -0.1693314 -0.5998831 0.3728307 -0.2873528 
-0.5317265 1.005644 0.2454491 -0.405174 0.01008628 -0.2083744 -0.04446342 -0.4971067 1.780907 -0.1216861 -0.02615719 -0.1248907 0.7667479 0.1547054 1.085884 0.2162069 1.388515 -0.1860375 -0.6567605 -0.2124743 -0.9430981 0.09792634 -0.2418642 -0.2769531 -0.3953689 0.004139841 -0.1218934 0.6002818 -0.3277662 0.1352928 0.09142526 -0.1718596 -0.4999195 0.03091651 0.03958411 0.0257668 -0.02730592 -0.04180092 0.1256737 -0.005480464 -0.7373388 0.3588036 -0.1325476 -0.2063529 0.1001754 -0.3008243 -0.03899768 0.01969339 0.06131174 -0.03302656 
0.1432467 0.7179249 -0.01540846 0.4348615 -0.09006196 -0.04769657 -0.665641 -0.4719034 -0.003384787 0.3834364 0.04222427 0.07968136 0.2573518 0.02371033 -0.3138262 -0.2480699 -0.7462831 0.3874049 0.2838566 -0.457125 0.5983047 0.01980051 -0.3399711 0.193923 -0.4695364 0.5181446 -0.2741192 -0.417315 0.01212731 -0.4176466 -0.02575644 0.1080597 -0.2967736 -0.04426194 -0.08007041 -1.038543 0.1904102 0.4190252 -0.09082332 -0.116648 -1.095429 -0.1276944 0.4086698 -0.05493666 0.1385625 -0.1508997 0.03347455 0.3089923 -0.01429641 -0.02178556 
-0.1918639 0.02388126 0.2910124 -0.0517656 0.1201482 0.001599231 0.4005942 0.4139902 0.1471664 0.0785678 0.1642037 0.01404124 0.1207905 -0.01643485 0.1449108 -0.01583509 -0.3284866 -0.4447164 -0.4214294 0.2326778 0.02550092 -0.08029603 -0.5116275 0.0006288662 -0.159582 -0.2840395 -0.0452717 -0.05094387 0.08101335 0.03686825 -0.0949625 1.922828 0.08550449 0.1939685 0.7205092 -0.0389743 0.01151404 -0.07711389 -0.001491042 -0.5997766 -0.2560761 0.1822593 -0.08367858 -0.8152314 0.03693605 -0.04201263 0.07119241 -0.3507505 -0.7404166 0.02217555 
-0.1561864 -0.266457 -0.3859994 0.3423117 0.1499604 -0.005365024 0.1552754 0.268594 -0.003237593 -0.2487699 0.08521491 0.4506004 -0.3902568 -0.2605642 -0.5122378 -0.2464915 0.1175625 -0.1043507 -0.2783866 -0.4131054 0.00230068 0.02465193 0.002348793 0.242053 0.03417569 0.09532692 0.1397076 -0.08867527 0.3846273 0.2713447 -1.636246 -0.09120971 0.3118639 0.1983719 -0.3066996 -0.2021234 -0.0823874 0.4772472 0.005571787 -0.0009651433 -0.2653778 0.5549741 0.1062843 -0.4802235 0.2161839 0.01275462 -0.1497235 0.1682213 -0.03385809 -0.4140348 
0.2349147 0.001112879 -0.2730078 -0.4871666 0.2985012 0.4901995 0.03683281 -0.0001688889 -0.01327319 0.4628122 0.2028345 -0.1154013 0.04432312 0.1699444 0.1162483 0.04829158 0.277418 0.1467372 0.2350765 0.1695084 -0.3711191 0.05750257 -0.2648519 -0.0363125 -0.02693069 0.0331547 -0.4798802 -0.1673237 0.1144423 0.8277033 0.2194682 0.7340881 -0.02661641 -0.03897638 0.03954085 0.01273757 -0.3680857 -0.08312556 0.1422368 -0.2731519 -0.03741401 0.2046634 -0.0002366016 -0.1144705 0.4791286 -1.096059 -0.2883261 0.0854834 -0.8638076 0.08244121 
-0.4953392 -0.7868334 0.5549626 -0.06207961 -0.2879136 0.02140316 0.2807006 0.7492167 -0.3833361 0.01523214 0.07781357 -0.4912503 0.09404426 -0.0646978 -0.02212761 -0.2844163 -0.2746028 -0.3057276 -0.1870831 0.06267315 0.1626624 0.4900745 0.1226917 -0.02998838 0.02033404 0.0002655498 0.3823587 -0.09690648 -0.4232959 -0.5448533 -0.0005075416 -0.4725864 1.132858 0.3154281 0.08657211 -0.2145516 -0.298449 0.2544247 0.009616341 -0.02680093 0.007882156 0.1879095 0.353615 0.005250004 -0.01813701 -0.07176801 -0.1975713 -0.6058557 0.0214234 0.1527456 
0.1698685 -0.02702051 -0.3458781 0.1513678 0.0229789 -0.5712246 -0.4886267 0.0004781066 -0.03329515 -0.1242955 -0.4582146 0.06311551 0.008711874 -0.3005126 -0.1034696 0.2849678 -0.4821537 -4.8284E-06 0.2205658 -0.7797891 0.00191502 0.7466649 0.8969474 -0.004259164 0.2170476 0.1847892 0.09709021 0.1745036 -0.1175484 -0.002251543 -0.0003244301 -0.1342513 0.02961855 0.7551433 5.402765E-06 0.1602122 -0.07263321 0.007586828 -0.2909725 0.001113204 0.3222153 -0.41837 -0.03343266 -0.1084053 -0.4871889 -0.01257121 -0.3305345 0.03047764 -0.02193373 0.2174851 
0.00227238 0.004526689 -0.2469451 0.04057648 -0.1911346 0.3691992 -0.2700709 -0.4752012 -0.4415767 -0.1003202 -0.04239833 0.1109465 -0.1669449 0.1142282 0.8909936 0.001642749 -0.1021869 0.4415665 -0.2235763 -0.01206806 -0.006187232 0.01691242 0.03138101 -0.2843473 0.1233682 0.163379 0.01470676 -0.3189155 0.2988826 -0.2809777 0.4386046 0.002877125 0.3058786 0.3611759 0.2686051 0.3116303 -0.2078898 -0.480158 0.4370387 0.1246975 -0.001147833 -0.09106767 0.683867 0.8302506 -0.03110522 0.3134173 0.0001411018 -0.4931204 -0.02683669 -0.1244869 
0.03677966 0.2335867 -0.2723272 0.002762923 -0.1443946 0.2898868 0.2415845 0.2326578 0.5289427 -0.08453115 -0.5313725 0.9305884 -0.2565277 -0.4052973 -0.09911808 0.2699158 -1.007738 -0.2639222 0.4920187 -0.001758173 -0.0221222 0.04647581 0.01469928 -0.1683574 0.0006948257 -1.262699E-05 0.04786906 -0.8103693 -0.1296834 0.4582051 -0.239938 0.1145794 0.38159 0.005655575 -0.1869439 0.01549965 -0.2239339 0.0002528433 -0.1532688 0.002067674 0.3273089 0.07478563 -0.007049143 -0.1993875 -0.6991833 0.2302571 0.2567061 -0.249369 0.03986984 -0.05674237 
-0.7404016 0.3859485 0.07601718 0.006882592 0.0001489604 -0.4312354 0.0002445705 -2.746218E-05 -0.03822511 -1.524488 0.4422837 -0.0006563797 -0.2558655 0.5174319 -0.05976119 0.4801447 -0.5754111 -0.1611251 0.1971769 0.02002174 0.09209983 0.3783418 -0.5635181 -0.03541965 -0.2573758 1.062951 0.0104195 -0.04411266 0.07699215 0.2970028 -0.4705746 0.4576662 0.179751 -0.1961567 -0.2090754 0.1567337 0.04585835 0.1672059 -1.085299 -0.2688624 0.2471956 0.4778952 -0.0162794 -0.001913133 -0.08570689 -0.1041742 -0.008454434 -0.1087913 -0.0004158169 0.1557235 
-0.6705215 -0.01218693 -0.0004063891 -0.1872821 -0.4847619 -0.2789336 0.02433489 0.2255527 0.0440644 0.2074208 -0.410606 -0.07518178 -0.1561795 -0.2313084 0.3155552 0.2373746 0.1745182 -0.004499747 0.1429914 -8.6848E-05 0.001431521 -0.04772701 0.007814812 -0.01553083 -0.1746984 -0.192102 -0.2368086 -0.359672 0.0005248189 0.3324414 0.3545048 -0.004029437 0.2304975 0.003634352 -0.02151178 -0.6808819 0.06580871 -0.0359205 -0.1001821 -0.2679746 0.1136472 -0.04940739 -0.1842458 0.3175936 -0.1429449 -1.612535 -0.1829889 0.02030756 -0.2450726 -0.05329722 
0.157274 -0.132596 0.1619127 -0.09080929 0.001685263 0.002549787 -1.726437 -0.09007376 -0.2588538 -0.4478399 0.2449834 -0.2570791 0.5959269 -0.3183103 -0.1583644 0.07261319 -0.234404 -0.04407185 -0.1405259 0.2261227 0.003404915 0.001152484 0.4439817 0.3013457 -1.167318 0.3397061 0.1335459 0.006667162 -0.2728054 0.307698 0.004424342 0.2214072 0.2876793 0.004917689 0.04568239 -0.08711763 -0.03355002 -0.3349423 0.3067178 0.1316003 -9.994976E-07 -0.2980052 0.1013617 0.3589525 -0.4155784 0.06751041 -0.006171169 0.2430709 -0.41976 0.001408005 
-0.4536453 0.1604592 -0.02654451 0.03292523 0.03252293 -0.3492731 0.4108076 -0.026097 -0.7239923 -0.2591408 -0.205677 -0.009724738 0.474522 -0.3954195 -0.6972507 -0.1012122 -0.07160009 -0.07491487 -0.07632111 0.1702264 -0.03616598 0.2053002 0.2155049 -0.2175886 0.3088866 0.3664539 0.008977287 -0.06356823 0.5463452 0.1768799 -0.2576372 -0.09016937 0.1990399 -0.01448516 -0.2893807 0.1353851 0.02447011 0.004454711 -0.1383958 -0.1813063 0.1789335 -0.4597421 -0.7385977 0.3931346 0.3044288 -0.1801071 -0.02559441 0.2921615 -0.2428973 0.4400125 
0.001079619 0.2864098 -0.03704955 -0.008154823 0.9851887 -0.08660823 0.002287835 -0.0251746 -0.1221859 0.4808443 -0.2840252 -0.01395249 -0.5448906 0.2223639 0.9187216 8.60059E-06 -0.1356172 0.02741813 0.1378565 -0.5163823 0.210043 -0.1315272 0.05884068 0.2545046 0.3246745 0.006575886 0.318777 0.003552275 -0.4060156 -0.02199285 0.1511338 -0.3390582 -0.1718858 0.05655551 -0.02829462 -0.02962095 -0.01608102 -0.1606596 -0.277145 -0.06850911 7.646694E-06 -0.1461294 -0.3568176 -0.1495282 -0.117273 0.0106777 0.3542954 -0.448777 -0.01594356 -0.02636761 
0.4624025 -0.0456673 0.02282947 -0.07496964 -0.002313826 -0.2968157 0.2989592 -0.005369175 0.3424797 -0.01483959 -1.578719 0.08523366 -0.1465789 0.9235715 0.2268058 0.7300598 -0.2340497 0.04450899 -0.3021784 -0.1093422 0.04318828 0.010453 0.454559 0.4941914 0.1656055 -0.1661999 0.03615287 -0.3215797 0.02597851 0.2642427 0.2988979 0.05693263 0.7456356 -0.08342672 0.03102543 0.4333618 0.07045171 0.2849848 -0.4579532 0.3229704 -0.1013346 0.6785651 0.4084544 0.406649 0.2140502 -0.08217853 0.3802619 0.2308003 0.02537743 0.4342567 
0.03981469 -0.05537659 -0.01923526 -0.669883 -0.4593881 -0.222986 0.1526954 0.07651858 -0.13323 -0.05808912 0.006000037 -0.4206083 -0.2259446 -0.3982447 -0.052553 -0.3366193 0.07677966 -0.3000715 -0.1500816 0.007466193 -0.09735125 -0.1270874 -0.06161872 -0.01315018 0.6741636 0.179713 0.4565498 0.166721 -1.080182 -0.6401394 0.03280635 0.1402935 0.2691922 -0.3396341 0.008452594 -0.006714503 -0.06239371 -0.5522004 -0.102677 0.392874 -0.5041423 0.04296857 0.06649353 -0.1395946 0.07287924 -0.1553923 -0.3472202 -0.7518529 0.3070469 0.251943 
-0.04661524 3.719586E-05 -0.0005831636 0.01770413 -0.08969284 0.060675 0.02389706 -0.9559769 -0.01472844 -0.09284419 -1.018311 0.006103825 -0.1147922 0.1771805 -0.3901365 -0.09880158 -0.0446046 0.01231627 -0.03966249 0.3699856 0.3827849 0.1357881 -0.0008054376 -0.3220763 0.2453316 0.3626209 0.05975186 0.08422214 0.3447368 0.198094 -0.3293929 0.03437811 -0.3413365 0.03288672 0.03147142 0.325225 0.3619253 0.4961468 0.281974 -0.3867004 -0.1319649 4.4403 -0.1494735 0.06552275 -0.2925299 0.1324587 -0.1759611 -0.4892084 -0.3632905 -0.8897 
0.2204248 -0.01604271 0.4755392 -0.1024252 -0.07499705 -0.2779207 -0.1717363 0.02781538 -0.6104336 -0.001813259 0.1038522 -0.2275371 -0.02033992 0.03488027 0.161663 -0.01842761 0.006112907 0.1143951 -0.02036006 -0.3136804 0.2207447 -0.07843819 0.4753339 -0.07069498 -0.009067752 -0.1260722 0.0189606 0.6512167 0.854413 -0.388193 0.01386882 0.08327322 -0.1289337 -0.225059 0.0004558378 -0.1995296 -0.4886969 0.4432806 -0.04150698 0.03962463 -0.8268631 -0.1500211 -0.05012174 0.1324805 0.3016852 0.28847 0.5460705 -0.3742014 -0.08752312 0.2639176 
0.9424589 -0.2754219 -0.3186948 0.7489617 -0.2677245 0.02513427 -0.1154613 0.2587684 -0.06576389 0.1384291 0.1800876 0.01126211 -0.002341376 0.01322001 0.2968863 0.3886409 -0.05457563 -0.3325896 0.281441 -0.2610869 -0.624634 0.183061 -0.5991203 0.00163705 0.01155586 -0.3922618 0.142429 -0.1594537 -0.00255231 0.2393722 0.2742798 -0.220225 -0.6773877 0.01006405 0.08283222 0.1421964 0.731498 0.04565006 -0.95343 -0.03935124 0.5397784 -0.009809768 -5.049297E-05 -0.005696849 -0.4627373 0.2420151 -0.2586658 0.07388216 0.2748337 -0.00633508 
-0.4112154 0.01713883 -0.3611391 -0.248449 -0.06700677 -0.05944198 0.3504187 -0.2157672 0.02367403 -0.04520232 -0.3021282 0.1965841 -0.1691429 -0.4763753 -0.2252945 0.06211632 -0.3213573 0.1034748 -0.2401337 0.1261163 -0.6553777 0.1422839 -0.440388 0.167869 -0.8753583 -0.1175471 -0.5506325 0.4021794 0.005655682 0.3871782 0.279053 0.2699068 0.007812153 -0.2863658 0.08719619 -0.3433905 0.1175463 -0.4714056 0.1820304 0.03610583 -0.3725071 0.1188499 -1.534868 0.2140934 0.7122391 0.2312776 -0.1931201 0.219672 0.02589451 -0.01359229 
0.1021709 0.00570433 0.2913196 0.3735517 -0.2665591 -1.174252 0.02273101 0.2742845 0.0006275773 -0.2799214 0.07911064 0.2515011 0.117894 0.004339693 -0.2676075 0.2448164 -0.2630577 -0.1457685 -0.02267491 -0.4616719 0.7534965 -0.3341649 0.5491197 0.4302548 0.0006243027 0.1917188 -0.04589313 0.3474648 0.0006748944 0.04324633 -0.0138887 0.02517885 0.1401193 0.06320328 0.3326694 0.02616418 -0.399554 -0.2283141 0.01349083 -0.2259931 0.1703141 0.2940385 0.4313787 0.00387554 0.1250307 -0.469951 -0.01624146 -0.04460747 1.166985 0.01732655 
-0.06668621 -0.003279662 0.005615775 0.1842008 -0.2143575 0.03400868 0.3929397 0.4789728 -0.01828084 0.3577504 -1.064029 -0.06180459 -0.3681066 0.03821391 -0.09713591 0.2434144 -0.3585562 0.5189878 -0.4519773 0.0711555 0.220599 -0.01385418 -0.07819096 0.02789789 -0.209824 0.1838758 0.3366209 -0.1377406 -0.008661622 -0.01031435 -0.4871013 -0.4479092 0.477378 -0.1151826 -0.2385657 0.2158084 -1.372954 0.002987725 -0.006687044 0.00554814 -0.03783197 0.4488353 0.5631574 0.05598408 0.1353199 -0.06896561 0.1662263 0.1285043 0.001669715 0.07357556 
0.6911721 0.279018 0.07558878 -0.2591188 -0.02012782 -0.02729639 1.519136 -0.5390802 0.3994726 0.3860333 0.3725084 0.145309 -0.02190064 -0.08191639 -0.320732 0.4159073 -0.03694705 0.0009601712 -0.3961216 0.002015753 7.140773E-05 -0.4660708 0.003311042 0.005865486 0.1471289 -0.7045572 0.4333479 0.3565571 0.1455466 -0.008220971 0.1694844 -0.003649632 0.3744557 -0.2447878 -0.3823711 0.1202585 0.2979802 -0.00234917 -0.1274951 0.05651467 -0.06088839 -0.4579159 0.3930773 -0.5995772 0.07254249 0.2118416 -0.2239954 -0.6628642 0.002450241 -0.2032867 
-0.006318094 0.3987933 0.1222799 -0.02191931 0.05858715 -0.04817122 -0.004175106 0.4156266 -0.003371103 0.00019063 0.6566767 -0.4446334 0.1041527 -0.215553 0.1437468 -7.809578E-05 0.1386116 -0.08638602 0.2976313 0.0580228 -0.1049946 -0.002776121 0.4287972 -0.1014637 0.7423908 -0.03016122 -0.02302272 -0.02885045 0.3567808 0.2112487 0.3404044 -0.08386169 0.6188455 -0.04760287 0.7272708 -0.07929268 -0.3350421 0.6551515 -0.007339964 0.03629309 0.3459889 0.7982839 -0.2811517 0.2008756 -0.2017597 0.01082336 -0.1284578 0.148923 0.02499765 -0.08338438 
0.104235 -0.3846354 0.13431 0.4652324 0.4456198 -0.01608306 0.008589782 0.1722173 0.3164754 0.3646241 -0.7941421 0.6857581 -0.2147546 -0.008080317 0.6039102 -0.2672943 -0.005514942 0.2552824 -0.1418167 -0.4754238 0.2304943 0.2131537 0.07073945 -0.22398 -0.03353989 0.0210061 -0.357648 0.005365713 0.0419299 -0.32915 -0.3422793 0.05380669 0.06481343 0.3941363 0.07248825 -0.08056822 -0.2383772 -0.3595808 -0.02392149 -0.001031076 0.1501225 -0.05544077 0.1424553 0.001335892 0.345631 -0.05421653 0.338275 -0.2605603 -0.1317415 0.4177579 
0.2058998 -0.3240377 0.05731207 -0.0494124 -0.03513758 -0.1999251 0.2717396 0.2644941 0.2983719 -0.6238743 1.12329 -0.02662431 -0.2119121 0.2434708 -0.2147962 -0.1248708 -0.5888427 -0.2413304 0.2477564 0.1260688 -0.5502508 -0.1975619 -0.0296288 0.09687227 -0.06521437 -0.05632403 0.1470076 0.2573292 -0.04066831 -0.006454191 0.04375029 -0.07613107 0.001026608 0.3270113 -0.4629445 -0.2593461 -0.4785769 -0.3235837 0.2603836 0.002076699 -0.4061823 -0.07221602 0.4590898 -0.2770669 -0.1640144 -0.006652315 -0.00106519 0.1317334 0.5751655 2.343863 
#
-0.03315622 -0.2058941 -0.3585904 0.1223147 0.2286846 -0.09277754 0.06529027 -0.4088729 0.3889289 0.2051469 -0.1709039 -0.4916638 1.999424 -0.2811426 0.1909162 -0.2427114 -0.3713478 0.1102436 0.1896694 -0.0258915 1.451762 -0.1417941 0.1509246 0.3004392 -0.2684141 0.3885654 0.2306188 -0.4328753 -0.0001724434 -0.01780648 0.3795452 -0.1340432 0.05227811 -0.3909327 0.005574896 0.03695685 -0.2758491 -0.3473132 1.000696 -0.0967167 -0.002550422 -0.09099653 -0.6961452 0.007473768 -1.074679 -0.1274496 0.1137796 -1.91336E-05 0.4108361 0.2038051 
0.06630314 -0.2794013 0.06503274 0.5744686 0.2939899 -0.3797522 0.4151666 -0.019668 0.0206148 0.01790301 -0.5956747 -0.3650426 0.2615083 0.308503 0.01789915 0.2105526 -0.6278308 0.0233919 0.2545042 0.4963411 -0.4095534 -0.1371338 0.1050014 1.788202 -0.1017551 -0.2862166 0.202833 0.002975976 -0.1208608 0.3320246 0.03594553 -0.003766187 0.03577348 -0.08240435 -0.4409372 0.2345973 0.06458653 0.1246558 0.1624375 -0.09118822 0.3306706 0.4258134 0.411603 -0.143197 -0.3739585 0.7190894 -0.7575631 -0.000507035 0.009306508 -0.8800704 
#
##### Level: 5  Time: 262.2592 #####
##### 2022/12/19 16:3:19 ##### Type: Tanh
