##### 2022/12/19 15:44:14 ##### Type: Tanh
0.381923 -0.09660044 0.04080059 -0.1154814 0.007990193 0.1438712 2.410636 
-0.0004112036 -0.4204798 -0.05213549 0.06212328 -0.2459742 -0.2385284 0.005374125 
-0.08458062 -0.1693662 -0.1586952 -0.4408296 -0.2426202 -0.3716279 -0.14079 
-0.7021063 -0.01351784 -0.387489 0.1912237 0.1736207 0.2995628 0.3014321 
0.4037156 -0.09817612 0.04757483 0.1193711 0.4086924 -0.1535855 0.3335612 
-0.0004247735 0.034489 0.01696809 0.3889278 -0.1002315 0.2617768 -0.4389614 
-0.323328 0.006291389 0.1910552 0.004637822 -0.002514148 0.4867324 0.1099056 
0.400042 0.0001300111 -0.03654283 -0.3141413 -0.3021317 -0.02104917 -0.1517127 
0.005726755 0.04261638 0.125458 -0.4119711 0.03794028 -0.5460566 -0.008659805 
0.1701917 -0.003521316 0.3288254 -0.01338685 0.2242277 0.3094153 -0.4709477 
0.1176864 0.1527134 0.06632544 -0.2759478 -0.3314896 0.002531011 -0.5934737 
0.04157931 -0.2703754 -0.04773924 -0.05934278 -0.5245532 -0.007053077 -0.4818283 
-0.2416723 -0.04251331 -0.04666954 -0.001123065 2.133593 -0.0004420242 0.09473376 
-0.1022416 -0.008460038 0.1236246 0.1539742 0.07546888 -0.4788392 -0.07696334 
0.377509 0.2766073 -0.08897287 -0.3559029 0.09291183 0.1438778 -0.2877826 
0.002447058 -0.386001 0.5945186 -0.2960111 -0.09428633 -0.8138244 0.4906974 
0.6834325 1.842265 0.1820057 0.0002725663 0.2397908 0.08876435 -0.4640585 
0.3650981 0.4444734 -0.2295674 -0.03757465 0.8271626 -0.4497806 0.03977513 
-0.3363411 0.2202831 0.1330832 -0.02729509 -0.3836761 -0.0657106 -0.0005890947 
0.2012202 0.05111557 1.562843E-05 0.2624809 0.07836973 -0.1089568 -0.8315944 
-0.0241131 0.265081 -0.1811294 -0.3059393 -0.3413281 -0.03274259 -0.01294678 
-0.3296286 0.125923 -0.1697212 -0.05574183 -0.01458557 0.0764541 -0.3873336 
-0.8158356 0.05850697 -0.3720342 -1.219444 -8.707307E-05 0.3731794 -0.1026062 
-0.2855921 -0.4747785 0.003457877 -0.1191276 0.02723577 0.3788614 -0.5045917 
-0.002056747 -0.2337428 0.02926622 0.007914098 0.1256432 0.227979 0.01558763 
-0.03172319 0.4490091 0.1931709 0.2840285 -0.08797561 -0.1738839 -0.7703618 
-0.06600091 0.160096 -0.3647186 0.208931 -0.04957741 -0.08875374 -0.4796621 
0.02241077 -0.1620326 -0.1123611 0.1713106 -0.000865637 0.09898001 0.01688709 
0.003124574 -0.306082 -0.3686296 0.03760371 0.2824689 2.1049 0.000899012 
0.06009702 0.9733915 0.3763867 -0.01375755 -0.2409734 0.1454095 0.1008514 
0.002211903 -0.1173778 0.1976802 -0.03323233 -0.4227135 0.2000574 0.01449783 
-0.09239162 1.007695 0.1580416 -0.06982666 -0.09591614 0.07262741 -0.0253682 
0.03718671 -0.000794284 -0.4669963 0.07454148 0.2140399 0.1261067 0.1330165 
0.4688294 -0.2334877 0.108996 -0.3766029 -0.065712 0.2902874 -0.1589964 
0.01176676 0.214875 -0.420354 0.6136252 -0.3145016 -0.386797 -0.3765177 
-0.3186611 -0.04333031 -0.001435057 0.07516437 0.1521842 0.1756606 -0.2339965 
-0.1361715 -0.2546651 0.1100269 -0.5671381 -0.03870815 0.3491484 0.1330128 
0.06311558 0.4837289 -0.2254965 0.552283 0.1842958 -0.08341261 -0.01647271 
-8.286548E-05 -0.02292139 0.3924108 0.01184446 0.3564186 0.3417424 -0.0401946 
0.005864964 0.02658209 0.5181702 -0.01473953 -0.3770967 0.07762934 -1.065254 
-0.08404189 -0.1503516 -0.1206923 0.4328183 0.002656443 0.2914858 0.1149352 
-0.1032541 -0.1318274 0.1502312 -0.0327705 -0.1098203 0.01501222 -0.2689543 
1.09247 -0.4018867 0.3661986 -1.636436 3.272567E-05 -0.2688787 -0.007828591 
0.1213916 -0.0009639469 -0.6459518 -0.1621396 0.1017655 -0.112261 -0.493966 
0.0006830186 -0.05134315 -0.2824401 0.32638 -0.007166155 -0.04048997 -0.3902454 
-0.0008061529 -0.1564956 -0.08239973 -0.1354095 0.08604383 -0.2210938 -0.7154627 
-0.0277683 0.01590648 0.1668818 -0.5590214 0.2006138 -0.09689139 0.1318949 
-0.01149364 -0.3417096 -0.4278106 -0.943841 0.1697561 -0.313804 0.2060346 
-0.3383551 0.07470208 -0.2651919 0.3100454 0.09271318 0.01466298 0.008731493 
0.3449094 -0.1786076 -0.5056711 -0.7456741 0.2045401 -0.3209093 -0.1973208 
#
0.0628178 0.1046924 -0.486088 -0.03959329 -0.1593932 0.1236671 -0.8854814 0.06041899 0.3781261 -0.2134729 0.01820903 0.1384202 0.2499481 -0.1379702 -0.8083734 -0.3589839 0.005539078 -0.2017815 0.1591687 -0.0241935 -0.025047 0.1327118 -0.2718356 -0.3843611 -0.08461811 0.290674 -0.712057 0.198248 -0.2181681 -0.2142532 -0.03461701 -0.001525384 -0.06614251 -0.001802622 -0.07031924 0.4638917 0.1052142 -0.2187855 -0.003265309 0.4977174 0.05432724 -0.1970772 0.08937769 0.2083719 -0.04094815 0.4992439 -0.1008417 -0.001343213 -0.06147087 -0.8349025 
0.4807162 0.0809717 -0.008591034 -0.05576125 0.04790884 0.003580322 0.1904152 -0.1927575 -0.2424275 0.1838394 -0.4604349 -0.4027157 -0.3699443 -0.478101 0.7143186 -0.4665119 0.3490133 0.2750257 -0.02902772 0.2665763 0.02610758 0.2882971 0.08871939 -0.1255666 0.282092 0.4311172 -0.07928258 0.1090156 0.3820591 -0.08964637 0.2276743 -0.006021903 -0.04093183 0.2122877 0.06416146 -0.4338199 0.1532695 0.4408507 1.407587 -0.3759537 -0.05849597 0.7476126 1.432116 0.05924191 -0.3885283 0.2618237 0.1212848 0.01729282 -0.0006311185 -0.07692321 
0.2314674 0.1034829 -0.1796107 0.1203025 -0.1225124 0.0004229093 0.2643079 -0.4733212 0.03215033 -0.2776619 0.4381163 0.02320273 0.01900698 -0.1250692 0.03209168 0.5137963 -0.2087145 0.215087 0.01914176 -0.4060462 0.01860717 0.007943038 0.09496052 0.1081039 -0.8802324 0.003439248 0.07270557 0.4602011 -0.6899401 -0.3219529 0.2436225 0.08296758 -0.3260279 0.1218064 0.09273344 0.3774104 0.4320571 -0.1427139 0.267859 0.05642105 0.07632321 0.08189207 0.3780228 -0.1339729 -0.002061931 0.2822603 -0.1133146 0.819465 -0.529718 -0.01167341 
-0.1171443 -0.155589 -0.131634 0.03895313 0.03412493 -0.02006951 -0.181733 -0.06087626 -0.03327996 -0.1965604 1.185206 -0.02560946 0.3295163 -0.6824263 -0.6951971 0.4388276 -0.4820938 -0.4621403 -0.4442943 -0.1999608 0.0007789186 0.0601781 -0.4113149 0.2536259 -0.4182836 0.1883439 0.2760468 -0.3014214 0.06781518 0.003807757 -0.2853337 -0.03319146 -0.02710492 0.5407752 0.4967418 0.4579949 0.00523541 -0.06522704 0.09757162 -0.3791603 -0.01819533 -1.627452 0.04941284 -0.4881914 -0.4054688 0.3837254 -0.1676746 -0.2502241 0.08953826 0.09262568 
-0.109579 0.2975149 -0.2904873 -0.01365617 0.2140502 0.1393156 -0.001020849 -0.01282319 0.3521166 -0.02647144 0.4989264 0.3035602 -0.02356299 -0.04072547 -0.3159213 0.03317595 -0.2676703 -0.002265067 -0.02709702 0.2296342 -0.3693759 0.1623982 0.3484991 0.1675855 -0.3560812 -0.1480702 0.1551751 0.05381411 -0.5346774 -0.02721292 0.3217676 -0.06726422 -0.1324207 -0.006460351 -0.2581689 0.2711234 0.3082894 -0.2069103 -0.4560187 -0.4646211 -0.02106804 0.001792198 -0.5649441 -0.1840693 0.1462659 -0.1155739 -0.4515356 -0.3157008 0.2104633 -0.2654896 
0.01940559 -0.003042239 -0.2875116 -0.07855024 0.09981655 1.061332 0.2360823 -0.01319821 -0.3910828 0.3417119 -0.2192177 -0.1080555 0.01741725 -0.6215715 0.4576589 0.2038369 0.3122142 -0.02784103 -0.2498382 -0.6394865 -0.4490014 -0.3760808 0.1033048 -0.05550236 0.4367422 0.02710681 -0.05319512 -0.1424818 -0.06976487 0.1796163 0.148743 0.02611279 -0.3310796 -0.003681734 -1.156236 -0.1492476 0.1085504 -0.07797211 0.8447108 -0.07897957 0.3550889 0.4182122 0.000976923 0.3971964 0.01420338 -0.03271281 -3.00408 -0.4418969 -0.3985519 -0.3364877 
-0.4389664 -0.2764897 -0.1020183 -0.02042931 -0.04623882 -0.06271207 -0.01386646 -0.3476376 -0.008337636 -0.2873521 0.1134935 -0.105452 -0.0671999 -0.188779 0.4809912 0.2205168 -0.02259591 0.07080767 0.1806044 0.03015473 0.0007957569 0.07942615 0.4997354 0.2024625 -0.2393418 -0.4946942 -0.4675303 0.3302093 -0.07237748 -0.1648446 -0.03504333 0.0009192715 0.0299161 -0.02703485 -0.02916138 -0.4009992 -1.062863 0.0008794031 -0.451773 0.404442 -0.1603939 -0.2451165 0.4908731 0.1059964 0.1176525 0.07453451 -0.1162009 3.80611 0.4773829 -0.1821601 
-0.05962602 0.1745198 -0.179418 -0.01017825 -0.00114738 0.07139718 0.4721811 -0.004826291 0.5446229 -0.004250953 -0.2562139 -0.3740094 -0.101381 0.05987288 -0.3952461 -0.0688789 -0.4014802 -0.3680602 0.2309273 -0.02424213 0.4769596 -0.4564 0.3478128 -0.2813629 -0.4341488 -0.0002104899 0.2108386 0.0528761 -0.03572691 0.04908448 0.4124532 -0.4936368 -0.2303802 0.0814763 0.01968763 -0.4538608 0.1547451 -0.4105482 0.3217059 -0.09826589 0.08163171 0.3642722 -0.02523794 -0.06685636 0.3183328 0.0001692548 -0.5621017 0.621591 -0.1077632 -0.003710097 
-0.2771621 -0.5215655 -0.6051006 -0.0861935 -2.16883E-05 0.002159749 -1.496279E-05 -0.453632 0.1268847 -0.1045387 0.155905 0.4012604 -0.004334886 0.01857328 0.1057044 -0.3933067 0.07948595 0.06579503 0.01392911 0.01057334 0.07211509 0.03946514 -0.00283591 -0.07511081 0.02060285 -0.01959714 0.4359078 0.3650094 0.1960952 -0.3334904 0.03515327 0.3333577 -0.06008076 0.00954578 0.03015007 0.5949195 -0.007612431 -0.08559936 -0.295356 -0.5365803 -0.007513653 0.06531811 -0.3868569 0.9123558 0.0116929 0.2933235 -0.6825083 -0.200031 0.2208778 -0.1808431 
-0.387816 -0.4784774 0.1502758 -0.2716251 0.08520932 1.081895 -0.294274 0.4423902 -0.09875684 0.001079286 -0.5503569 -0.03937747 0.1503713 0.001624477 -1.101783 0.1762607 0.4798723 0.7919667 0.3493198 -0.2784052 -0.7773858 0.3998348 -0.157689 0.0189562 -0.2279066 0.01226713 1.038827 0.008561953 0.1729352 0.2509016 -0.2624035 -0.2262663 0.01926999 0.2677146 -0.1797958 -0.2751331 -0.1242518 0.02094536 -0.4818755 -0.00913481 -0.02190181 0.02097872 -0.08126563 -0.5257992 -0.3144109 -0.07220095 0.3246683 0.2579962 -0.8354348 -0.4770677 
0.004445949 -0.3296734 0.6227931 0.07925861 -0.05502611 -0.2479 0.01827442 -0.3788952 -0.1510327 -0.1059437 -0.7102309 -0.4895946 -0.310649 0.2928198 -0.755016 0.0361863 0.4036039 0.1802435 0.5191809 0.5630662 0.03734404 -0.2792807 -0.2616805 0.05861529 0.3622884 0.1456955 -0.1172749 -0.1370702 -0.3102625 -0.1000383 -0.0198959 0.6024014 0.09540465 0.1449258 -0.03250504 0.01192123 -0.1871169 -0.1576722 -0.04197866 0.0001703778 0.124561 -0.004145527 0.2381826 0.4021149 -0.1976808 0.02948666 -0.4327917 0.4992309 0.1934057 -0.06804785 
0.4109799 -0.02040673 0.1622197 0.01550567 -0.4859253 -0.4945359 -0.1930439 -0.07013486 -0.2083278 -0.2193859 0.05070008 -0.3550286 0.4660326 0.1235098 -0.3030879 -0.2299417 -0.2645302 0.1173985 0.3449506 -0.01122169 0.03065841 -0.04200727 0.2357426 -0.3698696 0.4464264 -0.006721165 0.2156508 0.09168762 -0.8726098 0.4015642 -0.0363603 0.02785932 5.161089 0.3393717 -0.02746306 0.199251 -0.01328216 0.5339272 -0.2802791 -0.2962224 -0.2003977 -0.224493 0.3728818 0.06496392 -0.1672043 -0.06427196 -0.05115699 -0.1404161 0.1348023 0.1738462 
-0.6850605 0.1800721 -0.1277532 0.08653902 -0.2065209 -0.1523265 -0.6522416 -0.3665277 0.1495818 0.0119329 -0.3747863 -0.2120659 0.2644937 -1.173566 -0.4843668 0.1031932 -0.03906006 -0.1486157 0.001144759 -0.05778753 -0.3775147 -0.3671783 0.000248403 -0.002908631 0.3099592 0.4546824 -0.008092975 -0.05015938 -0.4877446 0.1583284 0.6344064 -0.3840926 -0.05034369 -0.2361051 -0.1330882 0.4646719 -0.9535037 0.157927 -0.08268609 0.1235707 -0.2946019 0.1045758 0.227107 0.4585612 -0.1084169 -0.02408063 -0.3878479 0.1588512 -0.4683398 -0.2085133 
0.01795214 0.5927197 0.007457924 -0.05324548 0.542379 0.2509178 0.6628827 -0.004030406 -0.1629339 0.1728957 0.2990108 -0.5512803 -0.3003515 0.0435986 -0.3285244 -0.1413569 -0.08627361 -0.08584598 0.06819545 0.003102002 0.01852953 0.2490063 -0.3796149 0.3195023 -0.06767914 0.05904943 -0.02435346 0.07960958 -0.3226662 0.2989241 -0.4293691 0.4375179 -0.01411172 -0.04247029 -0.8191445 0.1052061 0.2945888 -0.03102845 0.7502441 -0.5883639 -0.6847943 0.1475385 -0.2327679 -0.3346162 0.001253984 -0.3247582 0.4994366 -0.3064056 -0.1338802 0.08231859 
0.7489303 -0.1935773 0.4010912 -0.3684172 0.06102319 -0.002087326 -0.177975 -0.4202325 0.1786728 -0.05122203 0.2400727 0.1970568 0.03895354 -0.1281703 0.00666028 -0.2189772 0.3481765 -0.04062382 -0.006698269 -0.08041118 0.1497691 0.06063539 0.4420291 -0.001551201 -0.01532126 -0.5239508 0.4472418 -0.3955638 -0.7197095 0.002980409 -0.2519193 0.4332439 0.01173804 -0.1008981 -0.2473121 -0.162478 -0.02689999 -0.6028844 0.4754548 -0.03872138 0.1514331 -0.09886958 0.4486474 0.4209386 -0.304133 0.02157277 0.2946808 0.5257432 -0.387347 0.1606301 
-0.4968919 -0.1299461 0.008884668 0.3833399 -0.3034706 0.2260552 0.008186621 -0.1645762 -0.2453592 0.1465997 0.21037 -0.1390594 0.03044728 0.05964032 -0.3824097 -0.6501946 -0.2748424 0.1381888 0.02248269 0.0806815 0.05952078 0.3915552 -0.1903577 -0.1346944 0.4361686 0.7199817 -0.2610724 -0.1738594 -0.02406245 -0.0052504 -0.06525628 -0.1295419 -0.01040632 -0.1424492 0.04524019 0.03722385 0.2135962 -0.3043011 -0.04959299 -0.06514416 -0.482882 -0.2997341 -0.4641677 -0.09072131 0.1634286 0.09609331 -0.05228978 0.5960828 0.1115112 -0.1593975 
0.08649369 0.04336599 0.5094511 -0.07811099 -0.2772999 0.04980817 0.008964535 -0.4270468 -0.08333677 -0.05135095 0.03816668 -0.1585571 -0.01213818 0.1162085 0.2114084 0.3891273 0.1382411 -0.01248177 0.03276497 0.3719612 -0.05912681 0.3602695 0.2705723 0.3260075 0.3763364 -0.07870251 0.1135671 0.07750446 -0.3581965 -0.3464547 0.1698075 -0.08601242 0.03098792 0.1455296 0.05283739 0.8838399 -0.02150142 0.0118619 0.3193966 -0.5337609 -0.08101207 -0.8519027 0.4182998 -0.2464137 -0.06217963 0.4558913 -0.4077374 -0.252504 0.3975768 -0.4736573 
0.0001820516 -0.1211625 0.8431271 -0.04797913 0.3700812 0.001079429 -0.8382397 0.3485296 -0.5958484 0.221904 -0.01410159 -0.1392779 0.09924287 -0.1972091 0.01293797 0.4938579 -0.3328949 -0.1313308 0.2894295 0.05258232 0.06444985 0.03947121 -0.5429512 0.734175 0.06860811 -0.453282 -0.118662 -0.1947753 -0.347451 -0.5000014 -0.4915093 0.3640866 0.07569639 0.226079 -0.4698429 0.03901658 0.009929001 -0.3923984 0.3657809 -0.8987116 -0.08941261 0.1508491 0.5157094 -0.4534739 -0.02341755 -0.3596497 0.4439868 -0.1260296 -0.2236257 8.481197E-05 
0.04951341 -0.4510897 0.001516631 0.197779 0.1609585 -0.003603714 0.4785676 0.1173477 -0.03452921 -0.4505869 -0.2339472 0.4370168 -0.004543804 0.7320691 0.03748082 0.0002790841 0.05942547 0.6792452 0.07580955 -0.5184072 -0.3604687 -0.07132441 0.675479 0.1707791 -0.04814981 0.2087958 -0.001534628 -0.2725058 0.4856846 0.4477926 1.127483 -0.04571167 0.3977858 -0.2957327 0.04143983 0.3159322 -0.3021917 0.04007371 -0.003844832 0.6533431 0.1667702 -0.3473352 0.1529407 0.1957587 0.1416885 -0.01366311 0.24702 0.8564776 -0.2263166 -0.08439261 
0.1056358 -0.2461038 0.3367515 0.04809473 -0.1370942 0.2174426 -0.001275989 -0.2152291 -0.121127 0.1428681 -0.2510452 0.1590776 0.6601293 0.06530005 -0.1370668 0.08817059 0.1437094 0.4530075 0.08440682 -0.1454489 -0.003407806 -0.7144063 0.2739691 -0.2458242 -0.0666681 -0.04113822 0.004241159 0.4539257 0.8138428 0.1044802 0.004535 0.1728968 -0.3022728 0.02862459 -0.2544686 -0.6180799 0.603415 -0.1426815 0.372942 -0.00433405 -0.3324625 -0.1210318 0.002613374 -0.1261843 2.42567 0.8814704 0.3202922 -0.5629519 0.1172586 -0.9983754 
0.3495075 -0.01180615 0.0004046798 -3.739278E-05 -0.03433942 0.4113424 0.06291292 -0.4214732 0.4245047 -0.1691589 0.04510188 0.4698468 0.2995098 0.6267181 -0.3086811 0.001817177 -0.01625726 -0.3234248 -0.01635937 -0.3291847 -0.4863111 0.5781191 -0.3021376 -0.2005396 0.008431982 -0.4704218 0.006153075 -0.6335955 0.01655794 0.0009957715 -1.0659 0.02776137 -0.1675482 0.110007 -0.05405892 0.08695303 0.323614 0.4811566 -0.04011732 0.3311228 -0.01958385 0.4365011 0.423165 0.1063803 -0.2130656 0.1483695 0.7446771 -0.5132575 0.2254473 0.1615507 
-0.1215769 0.2213999 -0.01814318 -0.152863 -0.9092783 -0.4905295 0.07283686 0.6854495 -0.04418789 -0.8773078 0.01777052 0.4276834 -0.3762248 -0.146798 -0.5771556 0.2758849 -0.001426581 -0.4805143 -0.4443545 -0.1740771 0.001379813 0.4688481 0.04218874 1.538131 0.03827793 0.08013722 0.02263064 0.1050424 -0.04877669 0.2234465 -0.5850071 -0.1663613 0.002420839 0.05267511 0.003197716 0.3300963 -0.05215756 0.4319952 0.997395 -0.2589247 -0.04138548 -0.1573061 -0.3706082 -0.1949772 -0.060402 -0.1165979 -5.550999 0.006205299 0.09326065 -1.011942 
-0.001106043 0.07211227 -0.004514461 0.6726972 -0.08348441 0.3500059 -0.2062348 0.2222334 -0.1834344 -0.1098345 -0.4197422 0.1017269 0.3590775 8.484259E-05 -0.4731982 -0.002056283 0.509585 0.1620319 0.4340849 0.04852086 -0.3891945 0.289124 0.2380216 -0.08634365 -0.004185495 -0.4700992 0.02187024 -0.168333 0.07419169 0.0738036 0.2784376 -0.2473637 0.003982802 -0.001215497 -0.3834635 0.006090636 -0.4404238 -0.02088315 0.1427182 -0.1455786 -0.2403256 0.2170695 -0.3463058 0.04267327 -0.1654893 0.04555577 -0.4778929 -0.3451617 -0.1973652 -0.8049816 
-0.1823419 0.3716199 -0.1582639 0.3026788 0.7017293 -0.9562693 0.3636022 -0.4609598 0.0190446 0.1099966 -1.030682 -0.03481994 -0.09740027 0.3525926 -0.3366846 0.7270707 0.3622873 0.0263645 -0.01164487 0.3447779 -0.1009374 -0.1437734 -0.3971876 -0.2051217 0.0759943 0.007951915 -0.1092338 0.2875509 -0.06061388 0.1207726 0.06826752 0.09981799 -0.009050859 0.1647436 -0.0918922 0.9615369 0.06569439 0.01584842 -0.1266063 0.4775225 0.4324228 -0.2814378 -0.7408218 0.006427094 -0.08112063 0.2857718 0.4753872 0.1111181 -0.003033117 0.02450086 
-0.06825561 0.1984473 -0.3283262 -0.0005208229 -0.2526012 -0.1230296 0.2938461 0.03951499 0.7834581 -0.09713405 0.2395716 -0.09075636 -0.02846632 -0.5462942 -0.5561481 -0.009379671 0.5223423 0.1485682 0.008255254 -0.003282964 -0.298904 0.5435996 -0.2480919 -0.3871356 -0.3747127 0.3538964 -0.9484372 0.4887676 -0.1351772 0.1129372 0.1431927 0.6177769 -0.2522941 0.2727472 0.3441136 0.2498983 0.168276 0.02680306 0.5177748 -0.02054252 -0.08750819 -0.1275625 0.09571941 0.5792949 0.03913394 0.3718435 -0.3851167 0.04873139 0.08762139 0.2608105 
0.01358478 0.358557 0.01064263 0.1454728 0.1674032 0.3538249 0.3504357 -0.00117657 0.006206685 -0.1288151 0.02594799 -0.1433045 0.2134726 -0.02714583 0.0312955 0.1125644 0.0002871519 0.02097434 0.7508417 -1.958995 -0.3646466 0.01808637 -0.4493339 -1.289153 -0.2740773 -0.158622 -0.1407874 0.2019501 -0.3372024 -1.482623 0.2977262 -0.3551842 -0.2055202 0.2138498 -0.1817271 0.2862309 0.01688097 -0.05517735 0.1109676 0.1493561 0.06470042 0.101845 -0.1251713 0.2706396 0.2034754 -0.07640216 0.001303938 -0.7598641 -0.2046569 -0.3458306 
-0.09341139 -0.6390973 -0.6713949 -0.3768995 -0.4910277 -0.2390568 0.004943657 -0.002728148 -0.2513617 0.1020387 -0.09846146 -0.009014023 -0.4383084 -0.04311743 -0.03522208 0.2559894 -1.037337 0.4852245 0.2732651 -0.01765338 -0.422269 0.0954233 0.08876672 -0.0006554044 0.03540581 0.1579111 0.2717679 0.1047081 1.012965 -0.06937033 -0.06243952 -0.8265479 -0.08115634 0.4007282 0.03111178 -0.01117808 0.2712303 0.2325449 -0.003817903 1.111331 -0.026359 -0.007415896 -0.07667397 -0.2004301 -0.07235033 -0.1908771 0.2162567 0.0182281 0.1127494 0.01115822 
0.205608 0.3313165 0.2555397 -0.06424941 0.05666628 -0.4774795 -0.1037061 0.2510126 0.4099443 -0.1185367 0.311083 -0.2976315 -0.08928534 -0.3847361 0.3505066 -0.02032389 -0.06700648 -0.4751649 0.1765469 -0.2157194 0.3070662 -0.1061085 0.04322397 0.03718561 -0.06533837 0.1193676 -0.05742014 -0.5471778 -0.3901404 -0.07843055 0.05658776 -0.6813741 -0.9010432 0.3471999 0.4127326 0.01536769 0.2694837 -0.003233487 -0.3348521 0.04799011 -0.2000885 0.05038113 -0.0004007406 -0.3468711 0.4591642 -0.3711993 0.1235411 0.1229105 -0.06687421 -0.01752279 
-0.0924242 0.2355921 -0.001329971 -0.420842 -0.9089534 0.3232235 -0.001781201 -0.1405019 0.009746005 0.349157 -0.2963712 -0.02810022 0.1416642 0.008181386 0.09886136 0.7063187 -0.4424984 -0.06541818 -0.4131582 0.4120168 -0.01791942 -0.011093 -0.7990463 0.3365954 0.08193785 -0.480848 0.2556157 -0.3292847 0.4849153 -0.7723563 0.01975632 0.07200246 -0.1883297 0.04680717 0.02418367 0.1823686 -0.1381573 0.5747307 0.1698472 0.09199982 0.05140616 -0.1157675 0.0005328991 -0.05610622 -0.04000109 1.495422 0.05004954 -0.01021327 -0.006448925 -0.8968334 
0.2452016 0.4906436 0.1044634 -0.4027212 0.4844135 -0.03488642 0.01724302 -0.07013606 -0.0225509 -0.0814187 0.1331381 -0.1072968 0.09366888 0.2463769 -0.03262636 0.2491069 -0.4890769 -0.2368348 0.3191955 -0.2954481 -0.6581385 0.1269824 0.2290012 0.2575324 -0.4081122 0.0004866114 -0.07440253 -0.04211649 -0.1860633 0.4728444 -0.01110949 -0.01786044 0.6139577 0.008871689 0.1215805 0.1635398 0.4365579 0.3102056 -0.1152094 0.04701979 0.2504426 -0.4526657 0.01073442 0.3366865 0.2463973 -0.06864578 -0.04833561 0.2579729 -0.01197385 0.01056689 
0.3082185 -0.2423785 -0.1107074 -0.05518829 0.1424962 0.2496404 0.1780385 -0.2675999 -0.02790045 0.1841454 -0.3668798 0.09778243 0.1827202 -0.2301689 -0.01186693 -0.4663564 0.3530399 -0.6999306 -0.01865027 0.02631868 0.01537288 -0.05757295 -0.4815403 0.1059046 0.2686225 -0.4764932 -0.910545 -0.001967598 -0.1520972 -1.198254 0.3599442 0.07825347 0.2465107 -0.01476846 3.163156E-06 -0.138485 0.07263321 0.1585814 -0.1514959 0.001797901 0.1561612 0.02918126 0.2942593 0.3165635 -0.3834275 -0.07289542 -0.1118491 0.5573077 -0.2559894 0.3507444 
0.2224186 0.06880921 0.003136456 0.01243573 -0.4173207 -0.3509227 0.4036828 -0.3291038 0.009635879 0.2165287 0.1732404 0.0009818877 0.3777037 0.3677158 0.4786366 0.0138427 0.0982386 -0.00367502 -0.07980993 0.09853628 -0.1994273 0.4224405 -0.4577241 -0.08005679 -0.3431584 -0.2418596 0.1232959 -0.001722212 0.1028129 0.4568977 -0.05432731 -0.06448434 0.2421195 0.4819131 0.04971362 0.1991292 -0.4370109 -0.00402957 0.01205999 0.009723237 -0.04628509 -0.3115398 -0.4042475 -0.2133471 -0.3170388 -0.4247601 0.8070205 0.1740208 -0.3156723 0.0884309 
-0.09797646 0.07571034 0.1201285 -0.1337802 1.16905 0.09532803 0.01199704 -0.2827854 0.0107769 -0.08751287 0.2516434 0.2682384 -0.01192883 -0.06224013 0.08723849 0.1912594 -0.09187943 -0.1265018 -0.01159072 -0.3127077 -0.3998007 -0.1454009 0.3826953 -0.1713409 -0.3010766 0.0005864844 0.4648356 -0.2624171 -0.07949028 1.227729 -0.1354863 -0.4932017 0.2057513 0.02605985 -0.2970452 -0.4871995 -0.2283966 -0.003721068 0.1443294 -0.001940036 -0.2659741 0.002640323 -0.03384068 -0.2083779 0.1209493 0.03149274 0.7231805 0.1521543 -0.2798198 0.1312012 
-0.4480301 0.1211933 -0.1596745 -0.01626336 -0.04243559 -0.2180902 0.0130804 0.01116812 0.01332617 -0.1950011 -0.3940217 -0.02327704 -0.2017357 0.3138738 -0.3389319 0.1009462 0.404605 -0.3253413 0.3703283 0.1371525 0.003358901 0.09820229 -0.1988036 -0.002359971 -0.06907155 -0.4819665 0.4343878 1.336819 -0.1204268 0.001183256 0.2579675 0.07153782 -0.0305388 0.009227008 -0.452934 0.04285108 -0.01652672 -0.4746373 0.1695819 -0.2000798 0.1195501 -0.2158965 -0.03982807 0.1690561 0.01757808 -0.4536916 0.01227239 -0.003538072 0.02105395 -0.004235961 
-0.3218576 -0.4378757 0.03469568 -0.8380455 -0.1184052 0.1312031 -0.006967951 0.2803132 -1.099715 -0.1684206 0.3001602 0.09478456 -0.01664739 -0.05381394 -0.1131105 0.3435596 0.205183 -0.1979727 0.2198901 -0.007387568 0.006905387 0.04747936 -0.2955667 -0.2777509 0.2156459 -0.3199536 0.1964344 -0.4722183 0.5688877 -0.1562955 -0.4884365 0.01101087 -2.029868 -0.0580533 -0.02565094 0.0007734147 -0.7635527 0.1669595 0.5402381 0.5158496 0.003268633 -0.2613249 0.1488544 -0.1578971 0.2587107 0.7387573 0.2121593 -0.02123259 -0.2054625 0.001766815 
-0.5637688 0.004460394 0.7812786 -0.7435685 -0.4081337 -0.002870533 0.02388049 -0.002069677 0.0332057 -0.1353285 -0.2520498 -0.01802168 -0.05222666 0.3427604 0.1050792 -0.0008239657 -0.5949336 -0.3036809 -0.1581623 -0.1073869 -0.3952402 0.4987683 0.02530742 0.01861396 -0.4062538 -0.06528038 -0.7000149 -0.1244648 -0.2193719 0.06718753 -0.1257283 0.1494184 -0.04794365 0.4289477 -0.1494846 0.31627 -0.08557767 -0.2937546 0.2748505 -0.1184964 0.0001089378 0.1315766 -0.4067661 -0.2163115 0.456447 0.1574953 -0.006171169 -0.01660427 0.0242114 0.02809823 
0.2140098 0.2206797 -0.04187818 -0.07735699 -0.06698434 0.3755702 -0.4512788 -0.1508823 -0.698303 0.3093935 -0.0543071 -0.04864786 0.007125318 0.4099121 -0.4179522 0.04993373 -0.2230678 -0.0510315 -0.2096022 0.05110403 0.009666625 0.3874075 0.8411669 0.1730278 0.6772339 -0.9666493 -0.2527857 0.3499211 3.043351 0.2951351 -0.003431234 0.3874816 -0.09070331 -0.498412 0.278678 0.09524784 -0.1254496 -0.004454711 0.5191513 0.3187545 -0.434338 0.4921343 -0.04602515 0.6580778 -0.4802394 -0.0914883 0.1822914 -0.4861188 -0.08104149 -0.5136017 
0.3038259 0.3208272 -0.334065 -0.1209721 0.1698046 -0.3865286 -0.9689184 0.2089132 0.04136866 0.01371741 -0.0005561628 -0.01417557 -0.09617728 0.1192853 -0.4151521 -0.0595893 0.04396855 -0.07759446 -0.06944402 0.1733862 0.312423 -0.1704563 -0.1530284 -0.003437855 0.2265329 -0.01116716 0.2232435 -0.4310654 -0.2287013 -0.6259758 0.08083946 0.09616143 0.1357016 0.2491847 0.04395097 -0.1348252 -1.369595 0.1793148 -0.1133491 -0.08271138 -0.01802033 0.4712071 0.118812 0.2119754 -0.06546212 0.05989317 -0.3316986 0.4863112 -0.1187878 0.1081253 
-0.3538529 0.010069 0.4555578 0.2830142 0.1690362 0.354995 0.03472906 -0.3815273 -2.210137E-05 0.185222 -0.2621979 0.3929132 -0.0536854 -0.03146834 -0.1647118 0.3667797 0.6602607 0.4155669 0.004377469 -0.2384278 0.1238015 -0.3424263 -0.002155555 -0.1439402 -0.2320396 0.3144227 -0.09572011 -0.09686578 -0.4473191 -0.2728308 0.003580377 -0.8012024 0.1522262 0.4952497 0.05462522 0.01891603 0.02489176 -0.6520665 0.00112901 0.2560492 -0.5644977 0.8981887 0.1979712 0.406649 0.2028297 0.1404973 0.07080006 -0.03455 -0.0671073 0.05598271 
0.2140502 -0.2671196 -0.4245216 0.6968135 -0.4563352 -0.7393488 -0.0382938 -0.00788538 0.2381379 0.2425579 -0.06487054 0.4482636 -0.491495 -0.1770566 0.004485906 0.4148715 0.05829152 -0.383211 -0.2375137 0.3434469 -0.2183707 -0.01369837 0.07440537 0.04726741 -0.2443266 0.08610886 0.6721248 -0.7793484 0.2934822 0.3352612 -0.05041215 -0.3182188 -0.2291742 0.0002863088 0.1663884 0.7233126 0.2466261 1.390184 0.03155692 -0.2456746 0.02537186 -0.04666986 -0.4460285 0.1301802 -0.1843882 5.729978E-05 0.1655267 -0.01862991 0.07065421 -0.3789397 
-0.454525 0.005221304 -0.3220946 -0.1103223 -0.4537559 0.1872296 0.00821073 0.1297804 0.6021848 -0.08957607 0.1914152 -0.5768282 0.05818808 0.1723177 0.157634 -0.1865872 -0.08585578 0.00493629 -0.5006821 0.01485523 0.2204404 0.07550019 0.2385527 -0.1699821 -0.4435544 -0.08298634 -0.3433177 0.05759322 -0.08932465 -0.03750503 -0.6055631 -0.4317569 -0.07256899 -0.2579364 0.01101011 -0.392442 0.0545546 -0.02409993 0.09422711 -0.3636158 0.211163 -2.160283 0.8798403 0.4527637 0.3153064 0.014152 0.3489262 0.05702704 -0.1882442 0.03181899 
0.3117876 0.1299721 -0.0116987 0.03083593 -0.01541545 0.2591028 -0.09164795 0.09431567 -0.1290007 -0.005433405 0.2601531 0.5108463 -0.07356706 -0.3203609 0.3251683 0.4130138 0.03469672 0.4788013 -0.06787509 -0.01303522 -0.2697229 -0.01965532 0.1612319 -0.3016393 0.3681115 0.2695425 0.02418816 0.06523235 0.3666537 0.09236439 0.03993601 0.3087462 0.2800756 0.0001563328 0.005961669 0.01511286 -0.01472241 0.7763256 -0.2107419 0.0001966749 0.3220438 -0.1740888 0.4848664 -0.0006129146 0.007354664 0.4172748 0.3437977 0.4618869 0.05754444 0.01332172 
-0.4570011 -0.006239941 0.1207476 0.1549234 0.1896414 -0.2901447 -0.02136675 -0.2796885 0.4107407 0.02377288 -0.388672 0.01373571 0.04484051 0.1285816 -0.4782178 0.1309158 0.0902473 -0.02048528 -0.0007239443 -0.1050459 -0.08803923 -0.09858047 0.3517557 -0.001809118 0.01338729 -0.234981 0.06837863 0.1003265 0.001456816 -0.2901242 -0.4843103 0.07804215 -0.4937321 0.03914851 -0.4271551 0.1365793 0.04252946 0.3580147 -0.2331805 0.2349394 0.4564655 0.07644886 -0.000258141 0.005696849 -0.003071493 0.1278831 -0.3217356 -0.4919425 -0.8917762 -0.3019241 
-0.0205139 -0.03646314 -0.4745283 -0.03233038 0.02004228 -0.04197532 -0.358475 -0.6140291 -0.3862382 0.03213684 -0.1029024 -0.8370638 -0.4011575 -0.1822459 0.2793736 0.0975701 0.0489437 0.0501017 -0.9235446 0.08636349 0.08876111 -0.2477556 0.4536251 -0.2048035 0.03242978 -0.1951883 0.4781181 -0.2584332 -0.0734393 0.06526446 -0.2146519 -0.04152447 -0.005149663 -0.1068851 -0.03210801 -0.6935009 -0.05919868 -0.004911005 -0.07262262 0.300908 -0.2410354 -0.1384514 -0.001866665 0.2549973 0.430132 -0.01377001 0.1720781 0.2668538 0.1625594 -0.8496653 
-0.1400416 0.2276519 -0.1330421 -0.02130879 0.1443735 -0.2074013 0.1171808 -0.2993385 0.0006443858 0.2483755 -0.2164522 -0.04608829 -0.136429 -0.001030701 -0.2997553 -0.03363245 -0.3143806 -0.03877051 0.492288 0.02353244 -0.2518648 -0.1870968 -0.5806203 -0.01494187 -0.004580595 -0.09105993 -0.07481247 0.3176681 0.07212184 0.492657 0.03303954 0.1896206 -0.7411599 0.4636637 -0.00368744 -0.004836606 -0.1785834 0.001497175 -0.1568591 -0.2237352 0.4703737 -0.2511236 0.01832164 0.1159927 -0.01505133 -0.1003521 0.2492895 0.0130218 -0.240701 -0.07249641 
0.05338246 0.006634878 -0.01037715 0.04521735 0.01225936 -0.03303808 0.4723765 -0.05192404 -0.1834956 0.00116287 0.5251136 -0.4305576 0.01439387 0.3202336 0.09263462 -0.165654 0.197744 -0.6453375 -0.04555558 -0.1884993 0.1364517 0.3262721 -0.008298881 -0.007345288 -0.2628917 -0.1485339 0.05482444 -0.3965693 -0.13508 0.2619307 -0.444362 0.04701144 0.05349431 0.00574386 -0.01652509 -0.1454849 0.6123995 -0.1479457 0.03303682 0.02033954 0.3317145 -0.463012 0.6820555 -0.009507709 0.1897324 -0.08996273 -0.07460798 -0.01188577 3.673284 0.004596975 
-0.4786957 0.2224052 -0.1216519 -0.2475509 0.4307899 0.2964721 0.09629064 0.2936797 -0.303133 0.04525962 -0.4189656 0.1632132 0.09776639 0.0754579 -0.08764213 0.0202108 0.000816042 0.3858767 0.06683937 0.3609945 -0.04109667 0.05046585 0.4158168 -0.4951428 0.4565482 -0.3313233 -0.08349813 0.7605447 0.07128146 -0.3808782 -0.01991196 0.08811131 0.7082667 -0.1075855 -0.2091897 0.6227875 0.4365206 0.1256413 -0.4224888 0.05573456 0.04888342 0.01728409 0.4975373 -0.644931 -0.2638352 0.1510306 -0.6145574 -0.06989068 -0.1907247 -0.1847021 
0.004181013 0.01073259 0.04118623 -0.4201868 -0.06089704 0.2299841 -0.3456366 -0.1318744 -0.1680802 0.01323551 -0.02664151 -0.7399049 0.484161 -0.2222131 0.3099414 -0.004572568 0.04986004 -0.302073 0.7307137 0.007414725 0.0194704 -0.2825184 0.4132848 -0.1280901 0.3061093 0.03720699 -0.0172108 -0.3894545 0.3373534 0.05330366 0.1464819 -0.2952704 0.4522357 0.3441932 0.2671416 0.07929268 -0.6207616 0.1592822 -0.004946178 0.009761069 -0.3337824 0.2506132 0.110981 0.03671857 0.02952558 -0.07677414 0.1559365 1.229651 -0.01087183 0.008059671 
-0.03601164 -0.2818145 0.00350515 0.0979203 0.4553206 0.2518535 0.1908769 0.1031874 -0.4469615 0.450246 0.2705811 -1.464317 0.09928939 0.006606916 -0.3797333 0.2937332 0.154093 0.1729462 -0.3893144 0.04931138 -0.8231093 0.3900633 -0.2728175 -0.05353993 -0.1614104 0.3907992 -0.4765211 -0.2979542 -0.006104786 1.362419 -0.6283132 0.01231783 0.09672705 0.07722586 -0.09564775 0.2860261 -0.1501979 0.2592016 -0.2607994 0.1035078 0.3483579 0.2764963 -0.2245985 -0.06833869 0.05811481 -0.08996204 0.4066044 0.1389505 0.4470034 0.1263805 
-0.01986247 0.1908022 0.1177041 -0.1019148 0.2607487 0.07987969 0.2575487 -0.526728 0.6501147 -0.1160535 -4.388694E-05 -0.2232952 0.1219464 0.3621305 -0.04149608 -0.301173 0.03248376 0.0619205 0.3526085 -0.7195177 0.8136646 0.3801067 0.09568003 -0.8503236 0.05502838 -0.07220264 0.0894652 -0.3740691 0.04994088 0.3355079 -0.06903998 -0.4527828 -0.1795833 -0.03518596 -0.3629719 0.1286937 -0.03816739 0.03244916 0.1082157 0.0063643 -0.2708114 0.009421051 -0.4709545 0.4728101 -0.225376 0.09639248 -0.01893425 -0.09242599 -0.1824589 0.8690018 
#
-0.09868377 -0.4692242 -0.04413083 0.326624 -0.4985329 -0.3606448 0.3826561 -0.241478 -0.02307196 0.002597727 0.001835148 -0.004395507 -0.329431 -0.2714791 0.1421197 0.05597471 0.3137382 -0.4999032 -0.0858793 0.5257461 0.3060125 0.09677576 0.5098071 0.2576482 0.02031344 -0.01642139 0.4333638 -1.524377 0.0702389 0.09112521 0.03595772 -0.4645092 0.4313598 0.1642063 -0.0217346 -0.08500046 0.2750678 -0.4712443 -0.03907618 -0.2214736 0.01287224 0.4063942 0.4186829 0.4692383 0.09985188 -0.2645934 1.452549 0.3437439 0.001342926 0.02987421 
-0.08736099 0.832966 0.02807207 -0.524427 -0.2030992 -0.2645491 0.4761837 0.0008673096 0.989415 0.01790301 -0.3077486 -0.1610777 0.06302821 0.3453587 0.03310366 0.03384627 1.227367 0.002223361 -0.5873253 -0.07994497 -0.3381001 0.3989488 0.1149358 -0.3712481 -0.4796333 -0.1523847 0.3676605 -0.2191646 0.2768969 -0.03608768 0.0004202302 -0.1257358 -0.4048851 -0.1149737 -1.51633 0.02831795 0.03461912 -0.4958369 -0.02547544 -0.3238374 0.002333796 0.0552473 0.002361073 0.05486425 0.008488795 -0.03070599 -0.2993623 0.1392532 -0.3736322 0.01154982 
#
##### Level: 4  Time: 425 #####
##### 2022/12/19 15:44:14 ##### Type: Tanh
