##### 2022/12/19 15:46:22 ##### Type: Tanh
0.02210836 -0.04827174 -0.0293532 0.09706673 -0.3861313 0.03145241 -0.1495024 
-0.3053253 0.0212828 -0.4162341 -0.01585387 -0.4008427 0.1935072 -0.00751549 
-0.04447235 -0.2535855 0.06093962 -0.848586 -0.1181224 -0.1472537 -0.2462843 
-0.7021063 0.008783044 -0.0056079 0.07474476 0.2113431 0.1705939 -0.4002848 
0.2726107 -0.5726243 -0.2159141 -0.2082602 0.157442 0.2633744 0.03036486 
-0.4123599 0.2145679 -0.3750678 -0.02996269 0.1207383 0.5456259 -1.1967 
-0.01104246 -0.04295653 -0.0004103768 0.4295857 -0.01553394 -0.2129037 0.002400002 
-0.2480809 -1.442887E-05 -0.01572174 -0.3141413 -0.02477568 0.6532767 0.02712579 
0.2754471 0.03662886 -0.3646109 0.06323055 0.3228099 0.06074794 -0.004239315 
0.1173429 -0.0155816 0.08163637 -0.2618635 0.001413869 -0.06943694 -0.3719423 
0.04410532 0.1690971 0.04377194 -0.1799669 -1.176668 0.2553951 1.163454 
0.0330471 -0.7270077 -0.000594914 0.02982565 -0.1853341 0.4683394 0.02508306 
-0.09014025 0.3179644 -0.1965134 -0.0001562561 -1.089091 0.2569284 -0.3061497 
0.1362404 0.3273497 0.1301707 -0.4312587 0.15846 0.2568844 0.4814421 
-0.1854314 0.06506473 -0.1032229 -0.124463 0.136408 -0.005701496 -0.3579922 
-0.003322585 -0.0709154 -0.288433 -0.3744636 -0.6003531 -0.1731507 -0.1750022 
0.2974504 -0.9013582 -0.4231754 -0.001381544 -0.4670616 -0.3079438 -0.2192078 
-0.3526669 0.2124922 0.4500056 0.02269644 -0.1868562 -0.1632605 0.02925847 
-0.280946 -0.001020664 0.003962869 0.2082101 -0.3745897 -0.2714382 -0.05760122 
0.1210983 -0.1167774 -0.4809237 -0.2729677 0.07888868 -0.01127142 -0.7261426 
-0.03032352 -0.5248764 -0.2749511 0.2699996 0.06388161 -0.0699591 0.008662899 
-0.2987341 0.04297561 0.6121528 -0.02306582 -0.1309839 -0.6540147 -0.207352 
0.03725594 0.0482356 -0.3705243 -0.4820184 1.623292E-05 0.2753499 0.149654 
-0.2400602 -0.06062084 0.1557802 -0.04032482 0.01143537 -0.6687781 -0.01097724 
0.1604422 0.2557601 0.4422506 -0.3283365 0.03475073 0.103907 -0.05735594 
-0.331712 0.20263 -0.2229009 0.435107 -0.3575485 -0.3944594 -0.3988362 
-0.4115747 0.1283325 0.05206251 0.4618578 -0.1649035 -0.03116383 -0.04426853 
-0.0001232917 0.3408877 0.07271405 -0.09573263 -0.2548691 -0.3701863 0.004099258 
-0.00485218 0.2506797 0.5534375 -0.02886736 -0.1884614 0.01190788 -0.3417368 
-0.05075577 0.2666247 0.3763867 -0.003724335 0.2107477 -0.3772552 -0.0002081986 
0.02783686 0.2248115 0.05818726 0.09624542 -0.2999548 0.2823759 -0.000556676 
0.097612 0.008485595 -0.39347 -0.1341524 0.0682833 -0.4604343 -0.151086 
-0.2000662 0.2722502 0.002138742 0.009224474 -0.3336747 -0.1993317 0.01021081 
0.2921202 -0.1321409 -0.4172404 0.005552948 0.03714806 0.4663309 -0.1488162 
9.742368E-05 -0.004414651 0.4818094 0.5613791 -0.07208461 0.3295877 -0.3658506 
0.05400163 0.01083579 3.569773E-05 -0.008602927 -0.2314609 -0.0684095 0.03346515 
0.3174192 -0.4766232 0.2554619 0.4757105 0.01743752 -0.2049186 0.1586266 
0.196704 -0.4714944 0.004509956 -0.1727493 0.477092 -0.07908569 0.1342456 
-0.1391179 0.5241579 -0.07556814 0.6951028 0.09868556 0.006359926 -0.01003581 
-0.009548441 -0.2808075 0.5094743 0.1704554 0.05236644 -0.4047177 0.4952354 
-0.06747233 0.01469427 0.1472784 0.237377 0.01582315 0.2914858 0.004274428 
-0.233891 -0.02246088 0.2661883 -0.02628954 0.3058854 0.2109552 -0.2689543 
0.07084796 0.7109895 0.3222919 -0.02403226 -1.471384E-06 0.4021122 0.1681651 
0.1671797 -0.3536279 -0.430475 0.0822971 0.3952483 0.07500952 0.0381913 
0.001587888 -0.004704619 0.2760981 -0.3585251 -0.4185908 -0.2611924 -0.3902454 
-0.07005573 -0.4614547 0.02296049 -0.2773214 0.0873412 0.1027547 0.03500861 
0.04513055 -0.2651829 0.08649091 1.378582 -0.4855099 0.1749351 -0.002617498 
-0.3314787 0.3314587 0.2238576 -0.3801082 -0.2738568 0.03942913 0.5091585 
-0.07128096 0.100931 -0.09105883 -0.1547573 -0.1748172 -0.02815923 -0.01725134 
0.04521116 0.05404609 0.08395343 0.0515179 -0.1114792 -0.4561993 0.230892 
#
-0.01427067 -0.1126934 -0.4278367 0.4252166 -0.4185403 0.748701 -0.3160125 -0.1002632 0.09511473 -0.09562087 0.8219157 -0.4994912 0.2675543 0.1928188 0.324651 0.002500341 0.4904101 -0.01867174 0.1235655 -0.317183 0.02752827 0.3031793 -0.04536777 -0.08395263 0.6304933 -0.3062705 -0.712057 0.2392733 -0.08676194 0.3561052 0.3626357 0.001694532 -0.128748 0.000979708 0.001877532 -0.2308959 -0.07608642 -0.1390641 0.08925753 0.3050958 0.01360721 -0.114357 -0.5588244 0.08379833 0.4992629 0.2604083 0.01040048 0.00443201 -0.01379961 -0.28578 
0.6638799 -0.1183485 -0.9613828 -0.1134943 -0.476526 -0.4636381 0.3609259 0.4423678 -0.3951398 0.06618977 0.02622852 0.1566952 -0.06866831 -0.3544965 -0.011837 0.1698449 0.360471 1.046949 0.3316475 -0.4563661 -0.01499497 -0.04373498 -0.08710408 0.4031494 0.1891671 -0.00152442 0.03899306 -0.3518339 -0.002282229 0.1340879 0.2902414 -0.0006429001 0.09993303 -0.04546935 0.0209796 -0.4432277 0.2448652 -0.6291423 0.05526978 -0.3518685 0.2803641 -0.2637798 -2.098951 0.08694799 -0.4757248 0.1273044 0.009936253 -0.004758747 7.815996E-05 0.2682435 
0.1221556 0.4297808 -0.04007685 0.1709685 -0.2464764 6.712563E-05 0.05243582 3.084038 0.0261311 -0.1721268 -0.4793824 0.09907109 -0.01174829 0.1755148 0.8228189 -0.4508572 -0.03330864 -0.1714675 -0.4550806 0.07036178 0.09287363 0.5229549 0.3005077 -0.6914385 -1.813031 -0.4632667 -0.006485069 0.155499 0.1029008 -0.3915896 -0.3825133 0.1363926 -0.31915 -0.4054361 -0.002102175 0.1226805 0.3837026 -0.1286739 0.3252075 -0.5198036 0.1945328 -0.06008725 0.1102406 0.3716492 -0.2582128 -0.3733352 0.4516339 -0.03220248 0.4207557 -0.00135424 
0.4830514 0.1243365 0.2960516 0.5997612 -0.4652984 0.00271135 0.1866742 -0.005192453 0.6388457 0.41828 0.002747255 -0.2390336 -0.3884803 0.4419219 -0.1027993 0.4388276 -0.04733891 0.8259399 -0.06182994 0.2187759 0.3477888 -0.05308908 -0.287517 0.2648844 0.3518541 0.3604108 0.05326312 -0.6765663 -0.2612799 -0.005407081 0.2163083 0.2021026 -0.04871373 -0.4152545 -0.09178022 0.2225069 -0.002731624 0.3706657 -0.1466818 -0.4126753 -0.1295181 0.03732323 -0.01749086 0.1656515 0.4076338 0.3837254 0.005504002 -0.1411173 -0.5526194 0.09262568 
0.4367833 0.01891404 0.03349046 -0.2677644 0.08835095 0.3008325 -0.1502813 -0.2048156 -0.08616173 -0.1522655 0.3105193 0.4261917 0.08160528 -0.4982352 -0.2243537 -0.1422058 -0.3464353 -0.4743578 -0.1045375 -0.4951901 -0.02194734 0.2171984 -0.06578199 -0.04981109 -0.2581106 -0.01331928 -0.2488441 -0.4241176 0.5346774 0.06189372 -0.3424941 0.01285824 -0.03253857 -0.007105397 0.0304309 0.4858533 -0.0006857663 0.6257952 0.02075166 -0.1209428 0.0166309 -0.1478356 -0.5366267 -0.001654607 0.109439 0.5051105 0.7263658 0.1382463 0.253524 0.2230357 
-0.0009568968 -0.1613735 -0.2951834 0.3115181 0.458984 1.988428 0.114187 -0.0007388255 0.4616859 0.2281358 0.940107 0.06111944 0.04308311 0.08478183 0.6938795 0.0887509 -0.08713169 0.335044 -0.3765572 0.5073227 0.25705 0.002984357 0.02398938 0.05306602 0.1388992 -0.2632602 0.06719565 0.45525 -0.1246888 -0.2328661 0.2991885 0.03814999 0.02944356 -0.003681734 0.1297691 -0.06614846 0.5276071 -0.3705941 -1.156539 -0.04814024 -1.369348 -0.07371812 -0.0826422 -1.297881 -0.1726297 0.0356817 -0.3130722 -0.03473675 0.333098 -0.1159058 
0.189301 -0.05566685 -0.0273794 0.00322611 0.04318422 0.1005345 0.0134764 -0.0241786 -0.1791598 -0.401927 0.07836117 0.1014115 0.05148643 0.2704551 0.02354902 0.3360565 0.02618322 -0.01300736 0.4050901 0.0202274 0.0004533424 0.3936124 -0.4609126 -0.3867094 0.0004840178 -0.07347737 -0.1813366 0.06136423 -0.0004880157 0.04175777 0.06686367 -0.001187061 -0.03764452 -0.4516342 -0.2859064 -1.282791 -1.596847 -0.02327696 -0.3450141 0.4260993 0.02266233 0.1215838 -0.3757043 0.3565508 0.08173341 0.01233676 0.08436415 -0.3922904 0.05599988 0.005865958 
0.2120096 0.05179413 0.05082434 0.002972543 0.000458672 -0.07139718 -0.4752245 -0.003490407 -0.3435941 0.4125971 0.08747832 -0.405803 -0.2420449 0.4628291 -0.03378532 -0.08565918 -0.1427683 -0.2517237 0.8266627 -0.2273812 0.1419106 -0.5909195 0.4156947 -0.01982584 -0.08078033 0.0003211387 0.1933831 -0.00607698 0.007504109 -0.04616128 0.5305961 -0.2339089 0.2173234 -0.02545315 -0.005385522 0.06130475 0.0004661852 -0.400749 -0.3330233 -0.01102094 0.2409479 -0.02174741 0.1829819 0.07931514 -0.05556303 -0.0001935332 -0.8570914 -0.3210679 -0.02966309 0.01109231 
0.7523315 0.3223293 -0.2485537 0.002426428 -0.08117765 0.3070427 -0.3807533 -0.04075378 -0.6187776 0.213531 0.3965916 -0.4012604 -0.1770015 0.1326741 -0.1057044 -0.5266476 0.1059924 0.236611 0.06090051 0.1101939 0.1380813 0.4362359 0.0005366371 0.0296425 -0.3340818 0.03120428 -0.6890571 -0.1565677 -0.2482326 0.2481811 -0.3200251 0.2950048 -0.1594206 -0.4204454 -0.4105957 0.2639899 0.04715149 0.01980847 0.295044 -0.219006 -0.6817181 0.04907654 -0.4134672 -0.7582425 -0.1679693 0.4479656 0.04827263 0.1216368 -0.1234427 -0.5907232 
-0.04840371 -0.8968386 0.03281026 -0.002077102 0.4260255 -0.3295789 0.05058989 -0.3065454 -0.3794262 -0.001511996 -0.2940431 0.4039806 0.280764 -0.4244974 -1.402152 0.08460802 0.2913335 -0.01560126 0.8638251 0.3828222 -0.5184826 0.04902285 0.5049303 0.009387762 0.08437036 -0.3645028 -0.4694936 0.01251058 0.007993205 0.2020004 0.02974755 -0.1493955 -0.1850866 -0.02205796 -0.05993182 -0.4101419 -0.1479883 -0.4201972 0.2034566 -0.0004095576 -0.3506935 0.1588266 -0.1079474 0.5204324 0.3138573 0.09974673 0.04801372 0.2944341 0.2134978 -0.2132168 
0.1754511 -0.3566892 0.135756 0.1006656 0.001053864 -0.2569537 0.3868145 -0.2886504 -0.1510327 -0.4361904 0.2168689 0.7701542 0.1951651 0.7971456 0.249708 0.4201385 0.1142393 -0.1171672 0.470534 0.4015056 0.006546711 0.04935481 -0.03580803 -0.1151982 -0.006493877 -0.09685044 -8.348358E-07 0.2092125 -0.455674 0.3052694 0.008831684 0.8827161 -0.06584054 -0.04027853 -0.05756593 0.03860207 0.05067336 -0.08365457 0.3509216 -0.2794993 0.0855754 -0.2149344 -0.3015015 -0.1395209 0.02925164 0.4112235 -0.3212863 0.1077153 0.4898071 -0.06804785 
-0.1371509 0.0291946 0.09707995 0.1592058 -0.05240789 0.04909585 -0.2792069 0.1510145 0.1037228 0.1645225 0.005780872 -0.2465995 0.2100402 -0.2451894 -0.05670237 0.3328927 0.01638104 -0.1470816 -0.0770197 -0.01122169 0.0002876522 0.02835506 0.3642336 0.02338058 0.2174509 0.228128 0.3653057 0.002810419 0.2813421 -0.008578956 0.1330121 -0.1811971 0.3731483 0.1050618 0.004312396 -0.2914093 0.2596261 0.002027333 0.03852192 0.1302761 0.6098433 -0.2410943 -0.2484307 -0.1236138 0.09682111 0.001810584 -0.006095611 -0.1007493 -0.0431028 -0.004139351 
-0.1757427 -0.04503957 0.2225998 -0.02125945 0.2339957 0.1523265 -1.122786 0.04589158 0.03093706 0.0490891 -0.1607731 -0.1520465 0.08168119 1.401533 -0.6308183 0.1741334 0.224434 -0.4316114 -0.002196825 0.1085953 -0.3257874 -0.03847811 -0.0002466515 0.002800966 0.2680966 0.3659542 -0.09948331 -0.1464726 -0.3530637 0.1742058 0.3605038 -0.4233415 0.1971651 -0.002804078 0.03885037 -0.03830337 0.4890844 0.1853707 0.02399319 0.3467123 0.2946019 0.3877389 -0.3878868 -0.4749318 -0.05138472 0.04953999 0.5248073 -0.3865938 0.4781283 -0.04700891 
-2.549619E-05 0.06661416 -1.114231 -0.09875885 -0.236352 0.55741 -0.0008891979 -0.0002811745 -0.08793285 -0.4330778 0.4570383 -0.4498232 0.05053399 -0.007085581 -0.2992721 0.2509288 -0.3522116 0.1069681 0.08077271 -0.4742197 0.2767665 -0.315726 -0.2933828 -0.310872 -0.2175314 0.1148694 -0.4474072 0.0001102742 0.1759252 -0.3975787 0.5944113 -0.2384461 -0.4259063 0.3046104 0.1612763 -0.4704804 -0.2945888 -0.2134736 -0.5791217 0.4702137 0.7147179 -0.2483508 0.02589012 0.2991062 0.001158135 -0.4733459 -0.3604489 0.579363 -0.2851903 0.8648618 
-0.08146853 0.5035979 -0.6235167 -0.4227468 -0.02891938 -0.02693302 0.106011 0.09085957 0.3671701 0.08131491 0.487711 -0.1457316 -0.25299 0.4668757 -0.002921908 -0.01389568 -0.2302918 -0.1559896 -0.1353632 -0.07145051 0.009476049 -0.1064304 -0.5991666 -2.822648E-05 -0.01202595 0.2897226 -0.3232458 0.1075405 0.02407008 0.001188512 0.05859861 0.04051301 0.2325868 -0.116615 -2.283585 -0.01556181 0.1437254 -0.4606965 -0.9899632 0.1466164 0.1956107 0.1863482 -0.0202787 0.2160259 0.5696582 0.1783778 0.04054817 0.5027626 -0.08624782 0.009869507 
0.3360497 -0.1426949 -0.01162534 1.298035 0.1557373 0.07449951 0.2232368 0.2571186 0.09277824 -0.3935063 0.07779498 0.8468195 0.003517236 -0.08024675 -0.3903965 -0.04221559 -0.00230707 -0.2470641 0.02248269 -0.1125846 -0.4370196 -0.320869 0.2252733 0.129383 0.3820328 0.4791496 -0.06750625 -0.283561 -0.157298 0.002724601 -0.3719989 0.1268471 -0.02270147 0.1544643 -0.07411942 -0.1103415 0.4773341 -0.2506448 0.04004973 -0.3194734 -0.7186774 -1.249422 0.05110084 -0.09072131 -0.2535462 -0.09609331 -0.06363744 0.3466585 0.211904 0.3679026 
-0.011429 0.04356416 0.4735115 -0.1211482 0.5733091 -0.09004033 -0.006998439 0.005502165 -0.5461402 0.2435301 -0.02494735 0.08712377 -0.01357351 -0.08730897 -0.3108292 -0.4600482 -0.05768659 0.150035 -0.3504628 -0.3597114 0.04490875 0.7391879 0.5658265 -0.5415811 -0.672172 -0.03196067 0.01257362 -0.2944491 -0.3474947 0.1028143 -0.4568461 -0.2047967 -0.005948954 0.5990868 -0.008471916 0.0009963103 -0.0257086 -0.3281368 -0.5774927 0.3859042 0.01333744 0.895523 0.4516496 -0.3263991 0.04825395 -0.2999928 0.1375436 -0.252504 0.1865735 0.01704474 
0.2303851 -0.01013754 0.1289863 0.04739977 -0.02036744 -0.1064951 -0.01824145 -0.2494938 0.1997405 -0.4974753 0.1329055 -0.3251942 0.3650231 0.2654264 -0.01903403 1.135395 0.1067501 -0.07451271 0.1154064 0.2738948 0.06745305 -0.4902151 0.01984468 -0.02036013 0.0142184 -0.335876 0.1151083 0.4250259 -0.04455287 -0.3085448 0.4207505 2.170207 0.05815937 0.3388987 0.9224529 0.05662147 0.003136699 0.271833 -0.1678056 0.466118 -0.02890991 0.1737426 0.01477175 0.09241718 -0.4881126 0.08354872 -0.2069713 0.05240278 0.4042624 -2.625119E-05 
0.0006988592 -0.4445723 0.002847757 -0.07373637 0.1862988 -0.447482 0.05958899 -0.02362677 0.01179287 0.2332451 -0.3383032 0.820307 -0.01231391 -1.440036 0.04692892 -0.05376825 -0.04768108 0.6170671 0.07098693 -0.6018835 0.1425248 -0.0147063 2.359255 0.00718528 -0.009025948 0.02732893 0.0007944586 0.03546574 0.7780328 0.08637398 0.7800303 0.002197882 -0.1064453 -0.1714004 0.7808199 0.190223 -0.02197218 -0.01106759 -0.1035945 -0.08609289 0.004374608 0.2188821 0.03812756 -0.1641696 -0.4624575 0.3546566 0.4684491 -0.03750865 0.1444615 0.1075714 
-0.01844066 -0.1278573 -0.193354 0.05679723 -0.2654947 -0.2810674 0.0004486607 -0.7341167 -0.436316 0.002266634 -0.138026 -0.03578988 0.1784351 -0.1284392 -0.08658706 -0.004102358 0.003340918 1.297455 -0.003925995 0.05824296 0.1973453 0.2348118 0.04421084 -0.1407426 0.006897002 -0.4859135 0.1386409 -0.3251014 0.1573461 0.03408159 0.4153866 0.2455187 -0.9357966 -0.07179006 -0.3427614 0.4771019 -0.3145129 -0.2658682 0.4340417 0.4483215 -0.4278946 -0.1271958 -0.417773 0.2487489 0.4600894 0.3662406 -0.2723169 -0.2980232 -0.01713519 0.3228205 
0.1232633 0.4818193 0.1287829 0.01148885 -0.4756526 0.7249848 -0.01441115 -0.1905984 0.4974107 -0.4462289 0.009312098 -0.2075675 -0.006806424 -0.3967261 -0.2555324 -0.1108258 0.3034381 0.02684944 0.005975625 -0.1330727 0.7923765 0.290053 0.1330424 0.009047451 0.3220197 -0.1750794 0.006153075 -0.02668208 -0.1636268 0.4411693 1.538885 0.08467345 0.3282924 0.2442574 -0.0557968 0.2342583 -0.01751065 -0.05160742 -0.1222137 0.3311228 -0.28298 0.02383131 0.3029816 -0.02502054 -0.2959741 -0.3398728 0.05030247 0.4858944 -0.01049817 -0.07066794 
-0.06240489 -0.3180882 0.1739893 -0.1541485 0.4295785 -0.1065583 0.03928882 0.03748661 -0.176158 -0.01476695 0.0006270411 -0.2231842 0.5454887 -0.1494371 -0.3013915 -0.2396043 -0.004890121 0.192285 0.1707243 -0.4776734 0.003393029 0.311923 -0.4782563 -1.538131 0.04210644 -0.1678771 -0.07843744 -0.1367314 -0.3378718 0.4798573 0.372093 0.1700175 0.3066459 0.2885636 -0.0006737394 -0.3318972 -0.05180159 -0.07517511 -0.6624656 0.1052079 -0.3217398 0.1829688 -0.09154505 0.007149289 -0.008361377 -0.09324939 0.232725 0.06808192 -0.1874043 -0.01664791 
-5.956916E-05 0.06787379 0.07171875 -0.2465864 -0.134446 -0.01549131 0.5693765 0.3123494 0.08352703 -0.2559691 -0.2898639 0.1418293 -0.2416865 -0.4618367 -0.06318861 -0.001669023 -0.05601628 -0.1483298 -0.05572616 -0.01037036 -0.0195625 -0.4481667 0.371096 -0.07225966 0.2230783 0.5877646 -0.02407654 -0.09938234 0.2699624 0.7216902 -0.1604915 -0.5422568 0.001280429 0.1387902 0.6308153 0.0005639517 0.153996 -0.1656312 -0.07367238 0.2670545 -0.00260593 -0.1065088 0.1588292 -0.01914744 0.03093727 -0.02612286 -0.06404093 0.6459945 -0.1973652 -0.1533824 
-0.1823419 -0.2911932 -0.1823692 0.4395547 -0.2242228 -0.108269 0.2078024 0.4161189 0.4039792 0.04976232 0.7023835 -0.003054696 0.3200867 0.07167 -0.9000018 2.293851 0.0001268983 -0.001048856 0.0434292 -0.3453616 -0.001864265 0.1650255 0.08147696 0.3641558 0.04921288 6.947429E-05 -0.1046867 0.2180469 -0.000240308 0.02445958 -0.03061042 0.02783472 -0.2215683 0.337856 -0.002656675 0.4724739 0.07610196 0.1364706 0.01408464 0.7638073 -0.8251559 -0.2801932 0.3550285 0.007359944 0.2523979 0.2036611 -0.6228904 -0.3089838 -0.007592342 0.2811147 
-0.7915478 0.4278517 0.6092426 0.4540081 0.0277479 -0.1519903 -0.7332188 0.4971067 -1.780907 0.1595871 0.02615719 0.3356435 -0.368628 -0.1547054 1.085884 0.3030035 -1.482755 0.3570707 -0.332504 0.342947 0.4753772 0.3084546 -0.4222628 -0.1017093 0.1193429 0.3199193 -0.2292435 0.5628284 -0.1594623 -0.07609673 0.2107369 0.002348246 -0.2658509 -0.4252051 0.4296564 -0.04853008 -0.02730592 0.03568401 -0.1256737 -0.04429067 0.2799813 -0.2931952 0.1157162 0.2063529 0.1464722 -0.2691823 -0.03277149 -0.02719826 0.3706398 0.1259332 
-0.09181005 0.4449745 -0.01534647 -0.3084556 -0.151072 0.02314218 -0.1363931 0.7516818 -0.003494846 0.03425797 0.1707439 -0.08371907 -0.2573518 0.0205386 0.3164929 -0.1883799 0.4954808 0.4112424 -0.2838566 -0.2646003 0.4383454 -0.01980051 -0.3376378 0.524579 -0.1116811 -0.2446019 0.2741192 0.03097039 -0.2173414 -0.01838654 0.02575644 -0.485761 -0.0003214339 0.04426194 -0.09181255 0.9060423 -0.1850171 -0.01348249 0.09082332 -0.2741141 -0.6103897 -0.5280595 -0.1361524 -0.02817334 -0.1385625 0.140504 -0.03347455 0.03693643 -0.004263958 0.4355012 
-0.3162087 0.9343232 -0.1295585 -0.8939016 -0.1646648 0.05625746 -0.004214344 -0.2658024 0.05071864 0.2432109 -0.1542823 -0.0450663 -0.0814907 -0.02267974 -0.4394002 0.01540226 0.4626206 -0.3502885 0.1633809 -0.2326778 -0.02550092 -0.08788035 -0.2677938 -0.000557964 -0.07483655 0.0007184115 0.1091196 0.05094387 0.117768 -0.1310695 0.0949625 -1.922828 -0.06725401 0.08373851 0.4697088 -0.02444214 0.3770996 -0.05799836 -0.001060988 -0.3244957 -0.1502362 -0.159104 -0.09734236 -0.4191579 -0.03693605 0.7836997 0.1230487 0.00603786 -0.3292238 0.02695137 
-0.0966534 0.3134125 -0.05622333 0.3427107 0.1775458 -0.01560577 0.1631672 -0.2135265 0.4002693 0.2487699 -0.2798004 -0.4506004 -0.1682042 0.1995823 -0.3735018 0.2464915 0.09650695 -0.05741797 -0.2520938 -0.2622025 -0.265561 -0.02465193 0.01741236 0.06038895 0.2194121 0.1054526 -0.0947618 -0.403343 0.05654131 -0.1717818 0.9233128 -0.04737377 0.9660146 -0.1983719 -0.1731768 0.3243408 -0.4759792 -0.001536648 0.05539349 0.004649279 0.401358 0.4136966 -0.0004007406 -0.102693 0.3625544 0.1424202 0.02668135 -0.1682213 -0.3771743 -0.2544447 
0.4121815 0.2355921 0.3011933 -0.2730861 -0.2996841 -0.5032135 0.05031874 -0.01475543 -0.3765304 1.107861 0.4481571 -0.3168446 -0.4604659 -0.1699444 -0.338295 0.1786979 0.4293948 -0.4377996 0.08953274 -0.4120168 -0.1732472 -0.05750257 -0.003686798 -0.1658252 -0.02408103 0.1901734 -1.127127 -0.08479918 0.0214042 -0.8277033 -0.4803736 0.4222504 -0.1259972 -0.2746991 0.03992914 -0.01273757 0.09116203 0.06515649 -0.4838685 0.2250019 -0.01522498 0.1152823 -0.0007546302 0.06800392 0.01461027 0.2311749 0.0326861 0.2049285 -0.16063 -1.724137 
0.5226723 0.474542 0.2386864 0.06207961 0.007370068 0.01648687 0.2807006 0.3980101 -0.03064723 0.00952367 0.07781357 -0.09176639 -0.05433005 -0.03994253 -0.07816946 0.2844163 0.1501759 0.05154842 0.1957309 -0.07047611 0.0961687 -0.2225809 -0.4398894 -0.2698008 -0.04627389 0.0003954904 -0.3823587 -0.05822212 -0.1205648 -0.6208221 -0.00397183 0.2465232 -1.132858 0.3570949 0.0369485 -0.3995634 -0.474131 0.7004894 0.004828593 -0.172568 0.1014732 -0.4124725 0.01199385 0.1607999 -0.02544535 -0.08156057 -0.08035775 -0.3948962 0.01187656 -0.2419625 
-0.4909837 0.2114412 0.1062 -0.1372396 -0.2284252 0.3635487 -0.5106753 -0.001870965 0.03329515 -0.178596 -0.4841119 -0.08817025 0.008711874 0.489929 -0.09398133 -0.4449058 -0.3415162 -0.01331256 -0.1420389 -0.8658619 0.02950808 -0.3916472 0.8614826 -0.02522001 0.2911438 -0.7600256 -0.8639986 -0.2677637 0.8522868 -1.895907 0.8173064 0.09601529 0.02772359 0.4799072 4.504732E-06 0.1685777 0.07263321 0.03652283 0.3075588 0.0008141922 -0.4832261 -0.05908877 0.1677631 0.03473277 0.4871889 0.04264319 0.3305345 0.04697182 0.2287505 0.2206774 
0.0659266 -0.004315573 0.1372359 -0.04057648 1.092688 0.3359154 0.2700709 0.06857695 0.3400929 0.1003202 -0.140183 -0.1143062 0.1948954 -0.1142282 0.4786366 0.0141936 0.0001632038 0.0006284175 0.1320791 0.01206806 -0.07670125 0.3742278 -0.5075042 0.1085078 0.4827 0.1859816 -0.1658759 0.04813439 0.2988826 0.2895669 -0.01258155 -0.001600027 -0.1920796 0.1907493 0.1302303 -0.2232856 0.3374918 -0.005465386 -0.3027131 -0.1246975 0.0100981 -0.09098116 0.2351244 -0.8497316 0.03110522 -0.01030841 0.001415809 -0.1821259 0.02683669 -0.0884309 
0.05493794 0.1396746 0.2723272 0.0009493749 -0.4261121 -0.2509229 -0.2415845 -0.2326578 0.3535396 -0.1381063 0.4245138 0.483873 0.283905 0.1990955 0.1564005 -0.2137807 -0.3040282 0.2735094 0.0788154 0.3729056 0.0221222 -0.0878773 -0.02827327 0.1679665 0.001687408 -9.864209E-06 0.2061286 -0.503773 0.1787192 0.07069236 -0.3005401 0.04763862 -0.3267013 0.04638147 -0.01739017 -0.4611115 0.02576058 0.004120277 0.1532688 -0.001078507 0.2613661 0.1312032 -0.2936809 -0.2964779 0.3875234 -0.01700571 0.1632433 -0.1582363 -0.1021184 -0.02667342 
0.4636593 0.2817354 0.07601718 0.003454963 -0.002765296 0.3858296 -0.0003238318 -0.000153225 0.002644116 -0.7934538 0.3283135 0.03820532 -0.001918741 0.387006 -0.03494505 -0.4801447 0.7731987 -0.2739935 -1.629431 0.1329525 -0.4426483 -0.2210843 0.2965475 -0.06782585 0.1715535 0.5372069 0.03309536 -0.022888 0.05011537 0.1810961 -0.1459822 -0.0511914 -0.179751 0.01209464 0.4145469 -0.1567337 -0.04585835 0.1121953 -0.8480368 0.2688624 -0.04139408 0.4518228 0.359686 -0.01576203 -0.0559762 0.04050894 -0.008454434 -0.0564875 -0.01213015 -0.005084607 
-0.8603759 -0.006593809 -0.0003176332 -0.2605804 0.4847619 -0.2349621 -0.01515116 0.1298458 -1.275487 0.2091597 -0.2900148 -0.1594843 -0.3347623 0.1688214 -0.007492125 0.8486277 0.3185401 -0.4626839 -0.3408442 -0.04163902 0.001006266 0.07526841 0.0287656 -0.03916528 0.2156459 0.192102 0.01082443 -0.359672 0.9019184 0.1720887 -0.4957998 0.1290246 0.2558469 -0.1809456 0.02130736 -0.4572426 -0.06580871 -0.0509755 -0.3213687 1.597122 -0.1353464 -0.4600825 0.05685281 0.3324243 0.1141314 1.612535 0.1829889 -0.02030756 0.2450726 0.0005743135 
-0.06812576 -0.007501082 -0.8932886 0.2744029 0.01423037 0.004428884 -0.541685 -0.000546857 0.185779 0.3982509 -0.01740807 -0.2836095 -0.1802045 0.1203667 0.2321071 0.07147792 -0.279335 0.8055225 0.0857541 0.2062733 -0.02231053 0.1778945 -0.4647555 0.1932433 0.6828121 0.1994674 0.1274448 0.4821543 -0.7070404 0.307698 0.07992142 -0.1225595 -0.2876793 0.026534 -0.04568239 -0.31627 -0.2968212 -0.725537 -0.2820185 0.3410918 -7.001707E-06 -0.2468338 -0.6374946 -0.0646644 0.4220803 0.2505045 -0.006171169 -0.000115708 -0.1059209 0.0010605 
0.3729431 0.4312334 0.1939205 -0.1300096 -0.1138659 0.243821 -0.4108076 -0.01467758 -0.3680246 0.1356698 0.1296385 -0.4847305 0.4416724 -0.07641942 0.4008943 0.1012122 -0.03079821 0.3823422 0.2375901 0.2515414 -0.07850415 0.1028962 0.8411669 -0.2896517 -0.3088866 -0.2849301 -0.04715735 -0.03268613 0.5558574 -0.3564269 -0.1574725 0.2396197 -0.1405189 0.194436 -0.3639697 0.3200229 -0.03764628 -0.004454711 -0.9289861 -0.1218778 0.2181365 -0.08785707 -0.3824416 0.8655778 -0.3044288 0.1801071 0.1176137 0.168832 -0.03571265 0.1515815 
-0.2765561 0.6323836 0.03704955 -0.004991179 0.5315479 0.08848938 -0.3784833 -0.3518045 -0.3794467 -0.004448084 -0.1626445 0.01395249 0.3087072 0.1288529 0.6796389 -4.620171E-06 0.3755094 0.2337218 -0.4217786 0.2044719 -0.07647425 -0.1453137 0.05151756 -0.1889127 -0.005130526 0.01947147 -0.318777 0.01938109 0.01321992 0.1326804 -0.2698585 -0.3005921 -0.1357016 -0.1791897 -0.06487811 0.3882389 0.2325095 -0.1003084 0.02031511 0.1297211 0.003200585 0.6756949 -0.09822398 -0.2219265 -0.03427449 0.00729773 0.0001702439 -0.4807059 -0.01476425 0.1420172 
0.3538529 0.3346081 -0.02282947 0.1601276 -0.1816142 -0.3883464 0.358945 -0.1234775 0.1899683 -0.006984713 -1.336453 -0.08523366 -0.1281502 0.6267858 -0.2820987 0.443553 0.3190849 -0.425299 2.896518E-05 0.004100472 0.2988434 -0.06627089 -0.0005168552 -0.4941914 0.08971578 -0.07489091 -0.03615287 -0.1124118 -0.0752104 0.7474895 0.009388374 -0.1777942 -0.7456356 -0.04584173 0.05239322 0.1593774 -0.07045171 0.3045388 0.4579532 -0.610702 -0.06930701 0.3753455 -0.3560753 -0.406649 -0.2140502 -0.08157414 -0.04383796 -0.3936589 0.05146441 -0.02640613 
-0.2459038 0.0818283 0.08312112 0.4144146 0.1374012 -0.353027 0.5407501 0.006655286 0.161049 -0.08145767 0.005948558 -0.5415421 -0.3968699 -0.2296432 0.052553 0.6012866 0.02359219 -0.5640913 -0.1490486 -0.05469257 0.4363323 0.1046441 -0.1199803 -0.01402739 0.6003842 0.04726003 0.2486884 -0.02232089 -1.080182 -0.03776578 0.08365408 0.09742897 -0.2691922 0.4641714 0.0847337 -0.01122564 -0.07144704 -2.023406 -0.405436 0.3326304 -0.1845 -0.05292301 -0.08276373 -0.09687156 0.2793045 -0.4606112 -0.3560333 -0.4376032 -0.3070469 0.1718616 
-0.454525 4.139481E-05 0.0006197234 -0.01092412 0.8781965 0.04441327 -0.008774797 -0.7209832 -0.03286516 0.09284419 -0.3626118 0.08517891 -0.02812692 1.100884 0.3901365 0.09880158 -0.04215255 -0.01231627 -0.2963657 -0.4961319 0.2000371 0.1357881 0.0008054376 0.06616195 0.4902417 -0.4355322 0.05978332 0.03208553 -0.5982735 -0.1794035 0.1128581 0.1063847 0.03680447 0.04685626 -0.02980204 0.315733 0.1718535 -0.4961468 -0.08632396 -0.09682721 -0.1319649 -4.334175 0.3204513 0.2292829 -0.2999494 0.08918947 0.02695866 -0.4697387 -0.3632905 -0.495488 
-0.06636328 -0.1263047 0.3628567 0.03083593 -0.3587502 -0.6963816 -0.1453527 -0.2095235 -0.318365 -0.003145318 -0.06297 -0.1172125 -0.01335089 -0.2340453 -0.2338797 0.01842761 0.05387773 -0.01027203 -0.06752507 -0.03677924 -0.2244983 -0.2920403 0.7389056 -0.08246436 0.009067752 0.07681911 0.0248065 0.3258984 -0.4834077 -0.1459625 -0.01386882 0.1425895 -0.5787787 -0.02476257 0.003484338 -0.003793001 0.3533088 0.1693215 -0.1428412 -0.03962463 0.9589858 -0.725452 -0.0312421 -0.001671803 0.00837896 -0.28847 -0.5460705 0.3885826 0.08752312 0.670276 
0.5906307 -0.5992545 -0.2632709 0.70048 -0.2130525 -0.09711861 -0.1008847 -0.2016312 -0.08433072 0.2006767 -0.1209313 -0.01126211 -0.01155965 0.0576015 0.2554824 -0.1011931 -0.02714819 -0.0517761 0.001168732 0.2949635 -0.3856697 -0.1500867 0.5991203 -0.00163705 0.01387486 -0.1294026 -0.4573326 0.1594537 0.001512265 0.4213026 -0.4425794 -0.1154123 -1.080715 -0.01006405 -0.394693 -0.07260568 -0.3627911 -0.1760983 0.5852332 -0.03088355 -0.4067134 -0.008230843 9.993952E-05 0.005696849 0.004276608 0.1331159 -0.2586658 -0.4081825 0.2295055 -0.51827 
-0.2335781 0.01936678 -1.092314 -0.2671297 0.0194305 0.05305213 -0.01465058 -0.7018635 0.3355772 -0.02161383 -0.09075305 1.139759 0.1696164 0.4763753 -0.4659168 0.0990898 -0.4103899 0.1295136 -0.2659246 0.1256612 -0.4071127 0.09357959 -0.1143234 -0.2756703 0.1993855 -0.1255726 -0.3993293 -0.5237514 -0.03048981 0.4151766 -0.279053 -0.2699068 0.004707315 0.1459128 0.02660142 -0.2710649 -0.3564856 0.2929586 0.1107796 -0.03610583 0.6772586 -0.183577 1.223358 -0.3124949 0.3669089 -0.0930298 -0.2089062 0.007201393 0.1877614 -0.003784308 
-0.2296682 -0.00570433 -0.04197232 -0.002189734 0.09857482 -0.6233354 -0.1559876 0.3864633 0.02773029 0.2409858 -0.2125535 -0.2515011 0.8282105 0.002646016 0.194614 -0.4396082 0.2630577 -0.5410725 -0.4311812 0.01612792 0.4735751 -0.03314368 1.033534 -0.1775001 -0.0006243027 0.2456379 -0.03730426 0.2019904 0.1129687 0.3447594 0.0138887 0.2886942 -1.69959 -0.06320328 -0.2358405 0.0140538 -0.229022 -0.4321109 0.1180954 -0.2390621 0.2368222 0.4847512 -0.3363566 0.03237602 0.014573 -0.4150292 -0.03809569 -0.08471483 0.6454441 0.01620635 
-0.07374112 0.001830833 0.005957422 0.2991785 -0.2422531 -0.3168774 0.2370502 0.2559095 -0.01256464 -0.3903131 -0.5722159 -0.1611423 0.3047202 -0.1322225 0.2250042 0.200706 -0.2339672 -0.2190315 0.01051715 0.3634913 0.333644 0.01385418 -0.06788951 0.4798331 -0.1493095 -0.3781825 0.3402395 0.2398063 -0.005581903 0.02521247 0.4871013 -0.2159749 -0.02136628 0.1151826 -0.2385657 -0.2836483 -0.7801754 0.001819789 -0.02423791 -0.0395085 0.3317145 0.6558399 0.3490639 -0.007796174 0.3393706 -0.05957821 -0.2432496 -0.0455999 -0.001250956 -0.02830416 
-0.6954847 -0.5227422 0.04235825 -0.1191261 0.2613499 0.5640051 1.20042 0.3463191 -0.04832747 -0.02811253 0.4526457 0.0593937 0.09776639 -0.3713331 0.320732 0.278378 0.1297899 0.4733945 -0.9238425 0.3236531 0.0003924275 0.306487 -0.05162068 0.1270335 -0.1471289 -0.6404158 -0.01347173 0.1224351 0.1209789 0.3361429 -0.004860236 -0.09497918 -0.2305462 -1.245833 -0.7068492 -0.1041557 -0.4314287 0.03774727 0.08560997 0.03527331 -0.2897538 0.005017676 0.2180608 -0.3671377 -0.07254249 -0.3877451 -0.2738182 0.1432139 0.2285926 -0.2476718 
0.007378093 -0.005261173 0.1195062 0.02191931 0.06224257 0.2783175 -0.05759256 -0.3065976 0.003371103 0.0001746389 0.4715135 1.964537 0.0596505 -0.000636973 0.2722365 7.431194E-05 -0.01511733 -0.6244805 -1.13348 -0.0580228 -0.2059977 0.003999817 -0.1061018 -0.1071022 0.3756987 -0.03229183 -0.01218592 -0.02885045 0.3909632 -0.2392842 -0.08673185 -0.06707934 -0.6583142 0.04707652 0.4112428 0.07929268 0.2615384 -0.03307537 -0.01602352 0.167785 0.3337824 0.5253078 0.2811517 -0.06812638 0.137798 0.3254797 0.1284578 -0.4222128 0.3817512 0.06338145 
-0.01163984 -0.04604692 -0.03088993 0.4733783 -0.1281815 0.6737642 0.007584951 -0.2723891 -0.4469615 0.3814397 0.114838 2.317857 0.1990172 -0.01385528 -0.3797333 -0.256738 -0.003167333 0.1836895 -0.1847902 -0.009080317 -0.2601457 0.1612765 0.05890015 0.03803115 -0.1614104 0.05185964 0.3467545 0.02758938 -0.0419299 0.4420103 -0.06821664 0.02942875 0.1220807 0.4340608 0.3046573 -0.0043908 -0.1426964 -0.2084636 0.08559698 -0.03790516 0.5850667 0.4241556 -0.03926677 0.007814799 0.12642 0.2435428 0.4140424 -0.02212053 -0.04421921 0.3165073 
-0.02130485 -0.07731503 -0.2736771 -0.3484634 -0.03626781 0.2753102 -0.5253617 0.5328763 -0.2983719 0.5647528 0.4882483 -0.09525114 -0.2119121 0.4057736 0.1223001 -0.1780534 -0.4811506 0.05428309 0.1623317 0.166658 0.2808621 -0.1827061 -0.03960842 -0.08268199 -0.05010158 0.05632403 -0.02419335 -0.2774587 -0.04492036 -0.02043362 0.1329359 0.08549899 -0.0007038056 -0.3270113 0.4629445 0.178051 -0.2546867 0.01358792 -0.3814249 0.05882341 0.3740117 -0.1196017 0.180478 0.227931 0.1193997 -0.03720413 -0.01460393 -0.2888469 0.4678121 1.402688 
#
0.1652406 -0.2058941 0.04413083 -0.08654591 -0.1616789 0.1545905 0.2654089 -0.1634993 -0.4186987 0.0006308912 -0.04975918 -0.766828 1.640594 -0.4966696 0.3172917 -0.0009583412 -0.2962659 0.01057276 0.149691 0.09053832 -0.7302538 0.1349905 0.1271629 -0.2362121 -0.2269527 -0.3037153 0.2475086 1.720358 -0.1925212 -0.04802078 -0.398199 -0.3555181 -0.006918791 0.3534974 0.4111214 0.07799625 0.1776056 -0.134995 1.000696 0.4344941 0.002550422 0.1833592 0.2877006 0.04360823 -0.3848253 -0.05078715 0.1492927 -1.421378E-05 -0.4914501 -0.07777971 
-0.05909771 -0.9120508 -0.03307294 0.6297705 -0.2939899 -0.202065 0.4200718 -0.01343545 -0.0698863 -0.01790301 -0.3026932 0.0151341 0.2032723 0.06500199 -0.01559696 0.08208913 -0.3171986 -0.4725105 0.2084512 0.06556299 0.003504813 -0.2472674 0.08571061 1.579447 -0.4774526 -0.1496766 0.1808039 0.001163423 -0.1472667 0.2034191 -0.2361766 -0.003280938 0.03577348 -0.08428103 -0.4409372 -0.4259701 0.06450993 0.07135779 -0.3001148 -0.2563878 -0.1336076 0.02171574 0.6074153 -0.07431644 0.000800618 0.6926723 -0.4339718 -0.0106811 0.2235701 -0.01154982 
#
##### Level: 4  Time: 397 #####
##### 2022/12/19 15:46:22 ##### Type: Tanh
