##### 2018/12/1 0:25:35 ##### Type: Tanh
0.1962685 0.3071311 0.09537931 0.1334559 -0.1313383 0.06923924 -0.4902581 
-0.2884434 0.06870637 0.1753082 -0.1924194 0.4558097 0.1541688 -0.3869489 
0.1100304 -0.4901034 -0.4254448 0.05622787 -0.02596249 -0.1495407 -0.4376464 
0.40554 0.2940105 -0.4683356 0.08074729 0.4581007 -0.4225727 -0.344685 
0.3385034 -0.0475383 -0.3243117 -0.2262203 -0.08468381 -0.3087588 0.1936173 
-0.2056361 0.0343674 0.01453072 -0.1819413 -0.07591844 -0.3152113 -0.4210908 
0.4486802 -0.09203984 -0.1021592 0.1167173 0.4144836 0.4591104 -0.4174001 
0.2421139 -0.2285103 -0.218037 -0.09308568 -0.2015786 0.2189536 -0.07751124 
-0.1081851 -0.09586189 0.4398386 -0.4257022 -0.4651282 -0.00478885 0.3934979 
-0.3553752 -0.009480515 -0.2713286 -0.4928705 -0.2537914 0.2152103 0.4933131 
-0.4045871 -0.3845552 -0.02637205 0.2319236 -0.4210304 0.2803906 -0.001374321 
-0.00441092 -0.1872892 -0.3417415 0.06628579 0.1732892 -0.2845236 0.2642056 
-0.08241014 0.1804771 -0.1197181 -0.2293086 0.2007217 -0.03505406 -0.2127656 
-0.2118412 0.2993204 -0.1752544 -0.1713314 -0.4306562 0.1052813 -0.2832434 
-0.1710094 0.1174501 -0.3819084 -0.08110547 0.1463996 0.4243414 -0.3241719 
0.09820044 -0.4335135 0.1427087 0.3808315 -0.4615235 -0.4577931 -0.3788764 
0.2034164 -0.02510736 0.2870634 0.2467131 0.1958908 0.06875225 0.3159562 
-0.07882436 0.1233901 0.2903729 0.4172181 -0.4022398 0.3752214 0.1765184 
-0.0309548 0.04928656 0.05609556 -0.01923085 0.2139041 0.3559169 0.1147576 
-0.2257657 -0.3839484 -0.05483775 0.4698728 0.2405838 0.4771422 0.1708768 
0.4845864 0.3115296 -0.0452648 -0.2204539 0.3415558 -0.003138554 -0.1290593 
0.2015602 -0.05047583 0.1521502 0.1002986 -0.4440053 0.160661 0.3482214 
0.403546 -0.2378253 0.304137 -0.1278346 0.3082897 0.2306658 0.1283276 
-0.1740972 0.1655666 -0.2900453 -0.4461098 -0.2693228 0.1663883 -0.07612967 
0.1333368 -0.209798 -0.1242277 0.4943306 -0.3807719 -0.336194 0.320877 
0.06739542 -0.3702881 -0.4310034 -0.3057859 0.1130468 0.3723814 -0.4031202 
0.2409968 0.3254297 0.3524415 -0.1119987 -0.3096496 -0.09519716 -0.2796559 
0.3853744 0.2787739 0.04600251 -0.3927531 0.1869401 -0.2048955 0.4902558 
0.1923016 -0.2090708 -0.04133094 -0.2258396 -0.1328505 -0.1980559 0.007346058 
0.3364774 0.2797687 0.003418792 -0.1850021 0.3352313 0.4957799 0.01554475 
-0.4281757 -0.1006659 -0.3481787 0.4229153 0.4518919 -0.4176749 -0.2813441 
0.4786264 0.4148503 -0.4363656 0.03837566 -0.1245409 0.4652013 -0.1408235 
0.4230525 -0.4261717 -0.0130155 -0.2172493 -0.1159627 -0.1825418 -0.2476025 
-0.2055193 -0.4267832 0.1786694 0.04122245 -0.02695268 0.4450586 0.3180815 
0.3735378 0.2701164 -0.3306546 -0.2882761 -0.01004742 -0.3432903 -0.1530012 
-0.09668525 0.08080125 0.2480705 0.2638876 -0.2787238 0.003271301 -0.09044911 
0.4068919 -0.3587891 -0.4782372 -0.4273311 -0.2712727 0.3286767 -0.204745 
-0.1932786 0.05836021 -0.003083632 0.4616934 -0.2743366 -0.1538007 0.3601004 
0.4093816 0.4951115 0.07591654 0.04857716 0.001523844 -0.02941459 -0.2852612 
0.1935741 0.06036306 -0.3711752 -0.03143278 0.3239904 -0.1625864 0.3503836 
0.3451009 0.1583078 0.4874957 -0.4226842 0.259098 0.2554812 -0.1672128 
0.3475534 -0.1675299 0.1811221 0.06366576 0.4499471 -0.257835 -0.1750394 
-0.2314074 0.19876 0.4969851 0.2963785 0.09634668 -0.281826 0.4347475 
0.2568108 -0.08934315 0.413504 -0.1238247 0.3449635 -0.07794482 0.3295761 
-0.1178872 -0.2337183 0.2398816 -0.1188261 -0.003793404 0.1141329 0.2430557 
0.1084131 -0.2452486 0.1367328 0.4570708 0.1474393 0.3631153 -0.386997 
-0.1012352 -0.1422575 0.1138296 0.244713 -0.4400714 -0.1987652 -0.1826012 
0.2153996 0.2067696 0.1389911 -0.05812241 -0.4288681 -0.389498 -0.03607301 
-0.3378988 -0.1266372 -0.1657398 -0.3493151 0.0007297804 0.1960544 0.3904826 
0.1850308 0.3180068 -0.04933727 0.05118224 0.3844225 0.211131 0.0238796 
#
0.1388315 0.1957504 -0.02102025 0.3809471 0.0114044 -0.2042436 -0.1850668 -0.1604751 0.303002 0.4122483 0.1828622 -0.4513077 -0.004684108 -0.268572 0.2655519 -0.4561728 -0.009308629 0.3111758 0.2961261 -0.2076071 -0.4427691 -0.1296711 0.4256018 -0.0668088 -0.4913922 -0.3326351 0.1340233 0.01781774 0.3463381 -0.1819268 -0.07022022 0.2204037 -0.00176722 -0.09484951 -0.4674626 0.1580773 -0.3563248 -0.2895504 -0.19442 -0.4333252 0.4732356 -0.1490746 0.07723676 -0.4581327 -0.406546 -0.3695992 0.2704526 -0.04270862 0.1764229 0.1506419 
0.3166395 -0.4666355 -0.4619157 -0.1069422 -0.4059002 0.4184278 -0.3024824 -0.4261707 0.3484097 0.3533272 -0.3479188 -0.3955164 -0.4660551 0.2363272 0.4390127 -0.1680632 -0.02854441 -0.04655137 -0.362026 0.1351511 -0.2266254 -0.4666 -0.3652471 -0.3545159 -0.02424653 -0.4761336 -0.1677554 0.03254397 -0.1609086 -0.40982 0.4698473 0.06019401 0.169408 0.493011 -0.3340079 -0.1747038 0.1864588 0.2619056 -0.03386218 0.2006005 -0.3133783 0.1902266 -0.4275244 0.170429 0.2933003 0.4398356 -0.2838275 -0.06824739 0.06611378 -0.4304124 
0.2981562 -0.2620913 -0.3818 0.08624288 0.1807946 -0.2435546 -0.1360435 -0.4549267 -0.2729343 0.2688036 -0.268031 -0.06438801 0.1076915 -0.3521908 0.1667055 -0.03814546 -0.4679921 -0.1364841 0.4430269 0.499177 -0.3842357 -0.460297 0.3873349 -0.4316136 0.3369949 -0.4645341 0.4152 0.04851003 -0.03531048 -0.280692 0.1599099 -0.2128287 -0.1945218 0.07028776 0.358211 0.03423532 0.4525025 0.02159884 -0.1736945 0.2041375 -0.2067118 -0.1770571 0.3188787 -0.03303922 0.08483622 -0.3530813 0.3028918 -0.4959108 0.3334341 0.2578344 
-0.4753644 0.1676625 0.4670631 -0.1531942 -0.09032235 0.01098488 0.4324304 0.04791224 0.2280319 -0.3534407 -0.1960571 0.3423576 0.2187678 0.02292819 -0.02448463 0.4090262 0.1167333 -0.3592693 0.06297296 0.01978681 0.1589628 -0.4720813 0.03008182 -0.3148075 0.4745414 -0.05189815 -0.4273601 0.04052909 0.1587088 -0.17399 -0.3969646 -0.1327122 0.3204781 -0.1818698 0.4153652 0.3175523 0.06840349 0.2825501 -0.4052276 0.4491848 0.417502 0.3117719 0.4586259 0.3065187 -0.4548252 -0.2346305 0.292861 0.1336862 -0.007580623 -0.3632656 
-0.4257212 -0.2376373 -0.1546195 0.007424121 0.154799 0.1573479 0.3471843 0.1489329 -0.06855939 0.09212536 0.4425814 -0.3501196 -0.04686014 0.2788471 -0.2709427 -0.007829006 0.3837318 0.4122491 -0.02224658 -0.2898542 -0.3838348 0.4830472 0.1483113 -0.07376141 -0.05449199 -0.1033999 0.1825382 -0.4773423 0.03039357 -0.1828065 0.1009175 -0.07629298 -0.3909115 -0.4334166 -0.1165714 0.4531551 0.4141479 -0.4583689 -0.4109271 -0.07680584 0.4338205 0.1561543 -0.1952034 0.3846266 0.3330197 0.4344549 -0.3365394 0.03238729 -0.1389893 0.1485747 
0.08283135 0.2702034 -0.3967074 -0.3247741 0.03581683 0.1505718 -0.3467258 -0.2212029 -0.3760045 0.2016439 0.2432 0.3055532 0.05985991 -0.4917535 0.1583048 -0.2135729 0.3450837 0.0685133 0.4458274 -0.2053976 -0.1712896 -0.1486555 0.05123847 0.3291788 0.1273145 -0.1540382 0.3797546 -0.02691457 0.3904217 0.2949362 -0.2566741 -0.09625887 0.3986621 0.3287497 0.07399351 0.2953643 0.3638471 -0.399158 -0.09172143 -0.4029985 -0.3919287 -0.1543654 -0.4041963 0.2944705 -0.4055162 0.08247605 -0.3950841 -0.02438211 -0.2426879 -0.01294215 
-0.4452997 0.1903752 0.1419655 0.06607445 -0.09475122 -0.3209098 0.3715412 -0.2254571 0.1012323 0.2404525 0.2867247 -0.4475678 0.3705185 -0.473006 0.09357258 -0.1024346 0.2097495 0.2653894 0.4137627 -0.4241712 -0.3184888 -0.1305342 -0.1887988 -0.04123045 -0.2600979 0.1383352 0.2093789 0.485164 -0.07607004 -0.05177575 -0.02557936 0.1052116 0.3718531 -0.3500308 -0.4917884 -0.3091063 0.03322261 0.3716682 -0.2648229 -0.3235719 -0.4143852 -0.4015422 -0.3129207 -0.1675502 0.4154904 0.2386055 -0.4655666 0.1370341 0.05456844 -0.04385148 
0.3730971 -0.3802481 -0.4483121 0.3090878 -0.4873628 -0.05051133 0.3185221 -0.008003729 0.05786288 -0.2856449 0.1458676 0.499873 -0.4606341 -0.07519577 0.1548377 0.1882669 0.3653529 0.03806873 -0.3884963 0.3549671 -0.136868 -0.4272846 -0.2891791 -0.04238582 -0.2972683 -0.4382407 -0.1822221 0.002113373 -0.05386766 0.2904134 0.3198131 -0.2826173 -0.07269886 -0.2904251 0.3023567 -0.02545238 0.06584579 -0.05295116 -0.004868441 -0.1800553 -0.1744591 0.4951539 0.2601645 -0.11979 0.3132961 -0.4871006 0.3876368 0.2294651 -0.3702819 0.353731 
-0.07917244 0.03232002 -0.3090982 0.264155 0.1363354 0.1557144 0.1924507 0.342113 -0.4932688 0.0380896 0.3836429 -0.1285267 0.4968647 -0.2620818 0.3888142 0.1507137 -0.2602915 0.1591559 0.1115081 0.1419383 0.3006301 -0.3641123 -0.09164938 -0.2422274 -0.06586045 0.330812 0.3818136 -0.0533341 0.3212788 0.04701724 -0.1306914 -0.02433512 -0.004617812 0.4080427 0.4067706 -0.05166011 -0.279482 -0.3106171 -0.1792393 -0.3483571 -0.2651609 0.4066899 0.3355407 0.3531933 0.0193146 -0.3103468 0.08680327 0.002391891 0.4460704 0.4824841 
-0.3689142 -0.05902907 0.4081863 0.08270087 -0.01557758 0.4451627 -0.4630622 -0.2171409 0.3573845 -0.3120045 -0.06480353 0.003067786 0.02135235 0.3550883 -0.1967495 0.476953 0.03593252 -0.3563286 0.2186036 0.1991611 -0.4360895 0.2373166 0.2130855 0.129024 0.01085242 -0.1403409 -0.2722986 0.3256497 0.2733502 -0.01102312 0.2938741 0.09895451 0.08928144 0.1332833 -0.3881792 0.3662408 0.4543125 0.1402939 0.1047923 0.4298176 0.4124074 -0.4231535 -0.02922067 0.1215996 -0.4122675 -0.002477514 -0.3063955 -0.2934833 -0.1576591 -0.3403445 
0.4619518 0.2611535 0.2290417 -0.04290646 -0.31139 0.03213134 0.3516895 -0.2250969 -0.02911989 0.1181816 0.4908502 -0.1033561 0.1780668 0.4275669 -0.2244119 -0.1416501 -0.4677115 0.3997527 0.2673558 0.305728 0.2833485 -0.1705842 0.3013306 0.05894813 0.2372093 -0.1972431 -0.4917251 -0.2440081 -0.05958602 0.4787211 0.00796963 0.4527983 -0.1452304 -0.3448314 -0.001873263 -0.1027698 0.4208877 0.1617146 -0.1423048 0.2534708 0.3339524 -0.4454402 0.3729381 0.2990642 -0.3535309 0.0829916 -0.224484 0.4118312 0.3843904 0.2849756 
-0.01075244 0.4376126 0.2661028 -0.1363802 0.1516858 -0.4908465 -0.09361611 0.0738731 0.4589668 0.2913797 0.1112436 -0.3100251 0.4172079 0.2174093 0.2842292 0.4362903 0.02370576 0.3790026 0.2810978 0.1925965 -0.4171661 -0.3795427 -0.4846376 0.4823802 -0.1835196 0.3457359 0.06331299 -0.06228923 0.4072623 0.2280558 0.396373 -0.06559817 -0.2029749 0.1490342 -0.1325226 -0.1820053 -0.4644096 0.1373603 -0.1290606 0.06183642 0.3735245 -0.4581149 0.3806168 0.1650986 0.1706369 0.2134951 -0.4608026 0.3905579 -0.0174162 -0.1992668 
-0.4803214 0.3378052 -0.4954311 -0.3436655 0.3886025 -0.4451542 0.1405874 -0.3829314 0.4961424 -0.1663089 0.473563 0.2690235 -0.2970662 -0.1028696 0.4178553 0.06935851 -0.1906419 -0.2478907 -0.4532276 -0.4292659 0.3970928 0.1331479 -0.1035812 -0.01963542 0.1729179 -0.2549713 -0.3841116 0.3590278 -0.4062223 -0.2383653 -0.2948515 -0.05375557 -0.05843158 0.07357114 0.2544928 -0.3726505 -0.2685319 0.3998947 0.2311789 0.2981189 -0.4913634 0.2834812 0.09058793 -0.1997948 0.1647436 -0.2596234 0.1454664 -0.09974777 0.4921807 -0.07439188 
0.09760675 -0.3198304 0.2967802 -0.2790509 -0.4044153 0.07343419 -0.1037632 -0.06900223 -0.09815822 0.261253 0.3233777 0.2406927 -0.1141104 -0.3019766 -0.1749455 -0.3099181 -0.3215644 0.4027285 0.2323868 0.1774787 0.4238922 0.4091059 -0.2400714 0.1211643 -0.02687261 0.2169232 0.3363677 -0.3245303 -0.1152201 -0.4005163 0.348792 0.1848906 -0.04281395 -0.1674753 -0.06174296 -0.03554427 -0.4396452 -0.256455 -0.2514834 0.06441085 0.4489138 -0.1712605 -0.3324921 -0.4462997 0.3742267 -0.4004693 0.02355259 0.4694237 0.3270778 0.4478203 
-0.09599108 -0.03000333 -0.4845276 0.392697 0.07681617 0.4127162 0.2229836 -0.03574451 0.282692 0.131129 0.01307938 -0.3473082 -0.3175188 0.3374309 0.3123392 -0.005361871 0.07318486 -0.1678107 -0.1762033 -0.2744762 0.1665293 -0.290988 -0.4243493 0.2845665 -0.2265303 -0.04610451 0.3936335 -0.1327684 -0.4556519 0.06041121 0.4939397 -0.1278878 -0.1072224 0.2536509 0.08640435 0.1961001 0.002409382 0.1197551 0.0201855 0.4436189 0.3912709 0.2281655 0.4197483 -0.4770072 0.3978815 0.2399019 -0.2469112 -0.1170586 0.2802305 -0.07966874 
-0.2941028 -0.343679 0.4250755 -0.2333334 0.4538807 -0.4681033 -0.422781 -0.2381785 -0.1937074 0.380716 -0.0896932 -0.3967716 0.44407 0.3390732 0.2398581 0.2849139 -0.2670565 -0.3405116 0.4395494 -0.4275627 -0.2584507 -0.3097565 0.0519588 0.4034654 -0.4803734 0.01020832 -0.2160635 0.3089841 0.3306859 -0.258427 -0.1233236 0.1318121 -0.439061 -0.3363679 -0.3498956 0.3907112 -0.07195778 0.05370449 -0.4862072 0.3014905 -0.03684334 -0.157079 0.1802057 -0.05225182 0.2020696 0.2010274 -0.3237933 -0.4837171 -0.4966339 -0.1123268 
-0.0440346 -0.05589531 0.05225552 0.03865751 -0.4563452 0.07408514 -0.4046179 0.2614434 -0.3834378 -0.4368306 0.1038545 0.02351455 -0.2519713 0.004802177 -0.08244064 -0.4326141 -0.07697725 -0.003678194 -0.3629965 -0.4611693 0.1087072 -0.2833394 -0.3438777 0.0518762 0.1164719 0.2974446 0.137988 -0.4866987 0.3598106 -0.0544585 -0.08517375 0.02249305 0.1924219 0.2675164 0.1377185 0.3531619 -0.1162166 0.05613677 0.2460727 -0.4172814 -0.03231154 0.4317204 -0.08329906 0.4749621 -0.3072168 -0.2535039 -0.3132014 -0.3716705 0.3312763 0.404625 
-0.4369606 -0.3370946 -0.3435277 0.05782462 0.472847 0.4334724 0.2516828 0.2847391 0.400939 -0.3095071 -0.3096983 0.0392453 -0.4846293 -0.4661564 0.09548099 0.1721341 -0.3931864 -0.2269335 -0.1879811 -0.3289367 0.3805872 -0.2053068 0.1650455 -0.2676214 0.4757913 -0.05419818 -0.4398117 0.09829769 0.07902925 0.1829996 -0.4542381 0.3532489 -0.3876377 0.1693177 -0.2447602 0.375581 0.007122365 0.1585783 -0.3279646 0.4655844 0.2463483 -0.3892831 -0.2558822 0.07500944 -0.2978686 -0.3270048 -0.2333251 -0.3156776 0.4991708 0.2469814 
-0.3136922 0.08850095 0.04930026 -0.3517233 0.3588631 -0.2902094 -0.4494569 -0.01284537 -0.1974152 -0.402734 -0.07365001 -0.4068955 0.1127037 0.4353545 -0.05585537 -0.4204151 -0.2048725 -0.05963875 0.3317123 -0.07751422 -0.09454078 0.4224913 -0.2261043 0.06503753 0.4847555 -0.2079138 0.245393 0.01676884 -0.1264845 0.2660007 -0.1047413 0.07303365 -0.2042872 -0.01823675 -0.2433504 0.4526574 -0.2594548 -0.3229922 -0.2748269 -0.3243451 0.08045349 -0.4332389 0.326866 0.2495496 0.06012522 0.323857 0.3368212 0.1790803 0.09025393 0.4100451 
-0.07239776 0.249906 0.3108069 -0.2668298 -0.1482773 0.1132741 -0.2072119 -0.432463 0.3916271 0.4062057 0.4692454 0.3735353 -0.2380184 -0.3730701 0.01681252 -0.1404111 -0.2337615 0.3631541 -0.1247707 0.1202876 -0.2572363 0.1160472 0.3501073 0.4216672 0.4948835 0.1555532 -0.3883157 -0.4592745 -0.2866851 -0.1285186 0.4992981 0.177856 0.1251417 -0.03269031 0.2967553 0.02172342 -0.1889479 -0.3312171 0.4649507 0.3970607 0.1864189 -0.1226089 0.3017784 0.1048855 0.4328912 0.4644063 -0.2833462 0.4051988 0.2546661 0.404572 
0.2121727 0.2960956 -0.03423456 -0.2812274 0.410747 0.2497463 -0.3752357 -0.1565028 -0.06358508 0.3299993 -0.1977779 -0.3759948 -0.3974137 0.4945664 -0.2802131 0.09185436 -0.4282431 0.1570961 -0.3059613 0.0524062 -0.3570649 -0.1389604 -0.391512 -0.02934272 0.4081149 -0.05333196 -0.3497183 0.1313348 -0.4890798 -0.2548627 0.03078887 0.2681871 0.1043106 -0.1166844 -0.4307407 0.375293 0.07526969 0.1305753 -0.2524772 -0.2950991 -0.05003347 0.1539559 0.4747442 -0.08745547 0.2541256 -0.1746207 -0.2310969 -0.1688788 0.1967706 -0.01377681 
0.3141246 0.08531904 0.3942786 0.009528831 -0.1262168 0.4439856 -0.308215 -0.4175501 -0.3504867 -0.464546 -0.3255234 -0.005810989 -0.4040256 -0.268486 -0.1199673 0.1482662 -0.350739 0.1900418 -0.2595592 0.3944076 -0.1770488 0.2406357 0.4603256 0.2078155 0.2382816 0.05761603 -0.03323902 0.09895913 -0.4031259 0.4641293 -0.245117 -0.4321681 -0.01817854 0.4754662 -0.4293393 -0.4634001 0.1722127 -0.1272034 -0.4967171 -0.07900688 0.226032 0.3852279 -0.1098655 -0.1468848 0.3819497 0.2093308 0.1936304 -0.2330713 0.1742629 -0.3034904 
0.3586183 0.169944 -0.265753 0.2326413 -0.2686598 0.2462927 -0.3965024 0.4188125 -0.06113186 -0.1628167 -0.2282271 0.3189884 -0.420833 0.2285202 -0.1905779 -0.2107514 -0.3959455 0.2428592 -0.1504356 0.1707019 0.4546358 0.3823322 -0.4842212 -0.4560688 -0.4642107 0.1530073 0.006388683 -0.2723157 -0.02352468 0.4919889 -0.04588155 0.04794848 -0.339909 0.2596908 0.1923564 -0.06410542 0.4886649 0.2533013 0.1660441 0.2814121 0.4325454 0.4293535 -0.4767678 -0.167419 -0.03364266 0.3436997 0.3694491 -0.1537967 -0.1826741 -0.2710576 
-0.2970579 -0.03405389 0.2904534 0.182274 0.2423912 -0.1893302 0.009852987 -0.02544378 -0.4597151 0.2954456 0.2576278 -0.1498037 -0.2472316 0.1574561 -0.09536207 -0.1575807 0.2957562 0.246586 -0.2378372 -0.03427767 -0.08020047 0.2578512 -0.07446669 -0.3793781 -0.03224022 -0.01131033 -0.4081212 -0.1664952 -0.19846 0.2251195 -0.3568457 -0.4681675 -0.3126006 0.1810297 -0.2656389 -0.3960779 -0.2048199 0.002634909 -0.1449471 -0.1500629 0.1401384 -0.2579211 -0.00886156 -0.2996782 -0.1383875 -0.3253058 0.003820238 0.4026103 0.3648212 0.4776677 
0.2518209 0.03594429 -0.4553367 0.09220634 -0.4142119 -0.3288903 -0.2214533 -0.3905763 -0.0520871 0.138469 -0.4845103 -0.4927819 -0.3804967 0.1903478 -0.3446928 0.01554887 0.3590579 -0.4475534 -0.2041564 -0.2700563 0.3385991 0.3931459 0.3817648 -0.2155048 0.2139014 0.3838552 0.2131878 0.333327 -0.4651662 -0.2033499 -0.289857 0.4824552 0.3855919 0.163071 0.2096298 -0.3640638 0.4123291 -0.002948367 0.02572248 0.2188123 -0.2551357 -0.2572666 -0.2932087 -0.3748908 0.01133801 0.2469924 -0.1396859 -0.2933567 -0.01357967 -0.02224271 
-0.03849361 0.1704933 0.3677765 0.06817108 0.2675247 0.2693657 0.1503524 -0.1184077 0.3825765 0.4498519 -0.2412195 0.2814951 0.08370121 0.2291006 -0.1063953 0.2727563 0.3004267 0.4943942 -0.3209902 -0.09168519 -0.3447652 0.1524146 0.06602631 0.3180863 0.2684373 -0.3318942 -0.4746305 -0.1864063 0.01697049 0.4445357 -0.2664971 -0.1684045 0.4507504 -0.4150181 -0.4621304 -0.0713521 -0.1012461 -0.3435087 -0.2305337 0.4368735 -0.1644905 0.417935 -0.1819581 -0.3825923 0.06357751 0.09244967 0.1767071 -0.1112949 -0.1433281 -0.1567678 
0.2216229 -0.4532796 0.1896728 0.04188462 -0.2557456 -0.3700891 0.2197428 0.2827946 0.03030152 -0.1611232 -0.1293882 -0.006138902 -0.3878739 0.445703 0.1143425 -0.1591544 -0.0365468 -0.03370647 -0.3344769 0.3011551 -0.4039508 -0.08827836 0.1377223 0.3357776 0.1866919 -0.3914857 0.4627419 -0.4758583 0.07383183 0.1385264 -0.05163701 -0.2574251 0.2832922 -0.3219063 0.07392392 0.2396418 -0.2805305 -0.4949526 -0.0293606 0.197024 0.4651947 0.4324604 0.4909681 -0.0316888 0.3408244 0.4237878 -0.2197873 -0.01773568 -0.06928422 -0.04493682 
0.1297078 0.1525654 0.3148732 0.2181454 0.3948692 -0.02095202 -0.2365718 0.01157906 0.4679607 0.004612677 0.4104414 0.2146954 -0.1878448 0.3332776 -0.1263179 -0.06184863 0.002892957 0.1438148 -0.3951214 0.1905547 -0.4393671 0.4811889 -0.4644223 0.21046 -0.3285528 -0.05651629 0.09684838 0.4195769 0.4409083 -0.2923561 0.3450861 -0.04883722 -0.443819 -0.4307809 0.228085 0.2336676 0.4304198 0.4500147 0.3044116 -0.3642275 -0.2632512 0.07565463 0.4001688 0.2800847 0.1363911 0.4840058 0.3968827 -0.2194918 -0.203136 -0.1026594 
-0.1730606 -0.1393642 0.04135597 -0.2769281 0.1099771 -0.3214549 0.09638447 0.2456541 0.4900604 -0.3387984 0.04862819 -0.1865864 0.2071675 0.3321882 -0.2321361 -0.1652132 0.3145266 0.03207041 -0.3031135 -0.1103237 0.0412687 -0.2776152 -0.1530491 0.207538 -0.1363848 0.1999971 -0.0601671 0.3125059 -0.3995171 0.4929022 0.3470992 0.3511943 0.4295165 0.2797068 0.1590157 0.03167254 0.2439953 -0.2760072 0.3013553 -0.1067017 0.4191411 -0.1016506 0.2531282 -0.08526466 0.09450384 -0.485636 -0.2712963 -0.3073692 -0.08353048 0.4363939 
0.04417292 -0.4156232 -0.3199747 -0.1960382 0.05024141 -0.02425484 -0.06888074 0.2616492 0.06405617 -0.4216955 -0.06545027 -0.1276083 0.4442988 0.09676211 -0.2579395 -0.3497212 0.06028541 -0.2075679 -0.2623157 -0.2465001 -0.393917 0.1218957 -0.3843991 -0.2395074 0.3455033 -0.04310811 -0.4576405 -0.4570109 -0.3427034 0.38787 -0.2311221 0.1781837 -0.2515503 -0.4778216 0.05835247 -0.02529242 0.4068955 -0.1672456 0.03764624 0.008736891 0.4713871 -0.04843681 0.4863085 0.04785543 -0.2127848 -0.2027547 -0.2172515 -0.007364403 0.06923199 -0.362388 
0.4720045 -0.3142854 -0.4646658 0.02859947 0.167516 0.3659892 0.3359271 -0.3421531 0.2456093 -0.4244662 0.06884971 -0.4016352 -0.275997 -0.4446807 -0.3930826 0.4829865 -0.1139168 -0.1035566 -0.1904531 0.4448152 0.3675303 -0.4323502 0.2232001 -0.3999276 -0.2185047 0.4203684 0.0865615 0.08700142 0.09297655 0.4795141 0.1209648 0.3845126 -0.2026201 -0.4182372 -0.1809797 -0.3294869 -0.04581925 -0.3068696 0.415261 0.07536595 -0.4113756 0.01045205 -0.4767925 0.09283102 0.1412066 0.4037373 0.2283631 0.3862361 -0.2336399 -0.1331532 
0.2106838 0.1957471 0.399659 0.08971787 0.01664718 -0.412508 0.3883348 0.4535715 -0.2904209 -0.002997027 -0.08819153 0.1427967 -0.2574141 -0.3297566 0.4869094 -0.4416023 -0.4248427 0.1311719 -0.08588728 -0.2968199 -0.2453765 -0.0001528936 -0.3699167 0.4427001 -0.2658686 -0.3282167 -0.3320092 -0.3665178 0.08342521 -0.3059967 -0.4679663 0.13299 -0.1225777 -0.4040264 0.06770565 0.4781681 0.1419267 -0.3728635 -0.4051467 -0.2393773 -0.4046443 0.3230088 0.2790177 0.2120809 -0.1792575 0.08877727 -0.1196312 -0.4194925 -0.1413004 -0.03057671 
0.2357466 0.09488081 -0.1971891 -0.4276432 -0.1651869 -0.4223062 -0.1816752 0.3036855 -0.4779878 0.03847912 -0.05443472 0.2611983 0.3587182 0.4489564 -0.09835277 0.08879966 0.363779 0.03050497 0.3495009 -0.1018678 0.1780289 0.4946498 -0.2275277 0.4446894 -0.0325665 0.1597427 -0.3029638 -0.4422735 0.1078869 -0.3435624 0.3534585 -0.1356947 -0.38853 -0.4550539 0.2484381 -0.2291646 0.2742718 -0.07153415 0.1943263 0.478906 -0.385611 -0.3885783 -0.2223644 0.1967211 0.08259379 -0.3992941 0.05053648 0.3343282 -0.2553526 0.1609998 
-0.1082589 -0.1773577 -0.02737946 -0.297738 0.1159648 -0.1285587 -0.01658922 -0.2421352 -0.1760813 -0.4360223 -0.196578 0.3898589 -0.3906409 -0.4568938 -0.07590991 -0.1658564 -0.01643741 -0.3380029 -0.1336373 -0.1990587 -0.4617368 -0.4705492 -0.2141425 -0.3114989 -0.4936089 -0.1446134 0.02202929 -0.4297896 -0.1712753 -0.4040078 -0.3236681 0.4391714 0.2338078 0.04390923 0.3530157 0.4635996 -0.2450538 -0.4316362 0.120856 -0.08570549 0.2872728 0.1122748 -0.4378968 -0.106615 0.4406428 -0.4150618 0.3255642 -0.4108654 0.19033 -0.2727928 
0.07867662 -0.01967389 0.005603601 -0.3513448 -0.01533206 -0.04743038 0.08883447 0.4287113 -0.1507537 0.1523652 -0.3835049 -0.084953 0.1370088 0.4096242 -0.2232951 0.1911472 0.3277557 0.2159741 -0.3975366 -0.1608481 0.008579387 -0.105572 -0.02833295 -0.3608445 0.2222647 0.05793707 0.02384719 -0.3627977 0.2038331 0.0538215 0.2665522 0.09331799 0.2209641 0.1763594 0.4794971 0.2612849 -0.1978374 0.3241836 -0.2327956 -0.3381315 -0.3641561 0.03897205 0.4659004 -0.2182959 0.4057151 -0.1071552 -0.3593923 0.4229477 0.1711203 -0.1172943 
0.06109105 0.1883619 -0.1146985 -0.3634915 -0.03934497 0.4853586 0.259362 0.3292442 -0.3308419 0.2233831 -0.349593 0.2646509 0.161507 -0.3126222 0.01652133 0.07752308 -0.05085336 -0.1446953 -0.4960909 0.38386 0.05053946 0.404808 -0.4551462 0.2197577 0.2780608 0.3202175 -0.4908735 -0.1648415 0.1785004 0.2369061 0.298575 0.194603 0.4680442 0.4804501 -0.09658549 -0.4980987 0.431811 0.03358625 -0.3401619 -0.09802599 -0.1878618 0.446858 0.3202745 -0.1166557 0.111329 -0.2689641 -0.00588171 -0.2538573 0.003643329 -0.4145024 
-0.1162817 0.3054492 -0.2555527 0.4342143 0.08413071 0.366488 0.2203177 -0.09514857 0.233094 -0.04124624 -0.4464524 -0.2742242 0.169406 0.2671841 -0.08875519 -0.296451 0.4443763 -0.2218374 0.07604878 -0.2145145 -0.4165952 -0.296996 0.3516614 0.4184115 0.0001416916 0.2450903 0.1603607 -0.3893605 -0.364373 0.4115728 -0.4001002 0.1042751 0.1020645 -0.2802533 0.1833585 0.07279922 -0.474803 -0.2991399 0.06920525 -0.3001345 -0.4424751 0.1536484 0.4575375 0.3743527 -0.1814308 -0.3908657 -0.4048034 0.4018631 0.3832026 0.3662388 
0.07067515 -0.1165212 -0.3894843 0.09207055 0.4855978 0.2794433 -0.2966153 -0.4752994 -0.2491442 -0.4886685 0.341291 0.01945763 0.3356462 0.03322853 -0.09877119 -0.1001008 -0.2317617 0.2950534 -0.0513851 -0.1978895 -0.3916476 -0.4574867 -0.10504 0.20981 0.2148103 0.199926 -0.4075117 -0.2404092 0.4328137 0.2206984 0.0417056 0.1356602 0.3597837 -0.3757045 -0.4297183 0.08044219 0.2686289 -0.431164 0.3185179 -0.2165407 -0.1954391 -0.2698564 0.2522452 -0.2329053 -0.408487 -0.4849883 -0.2413116 -0.2522725 -0.3404576 0.1186432 
-0.483354 0.3356058 0.4690494 -0.3374958 -0.1754668 0.435015 0.02369512 0.4862202 0.02178881 -0.09484441 -0.4891856 -0.3654513 -0.2938173 0.4673965 0.2067706 0.1111475 0.2672125 0.06855148 -0.05828452 -0.1137829 -0.3587893 -0.4794891 0.1355111 0.3299716 -0.2145354 -0.2272534 -0.4265361 -0.2675442 -0.1147231 0.2797953 -0.3237692 -0.3937319 0.237802 0.02765809 0.2098841 -0.09284305 -0.07052254 0.3923872 -0.08247512 -0.04086572 0.3132297 -0.2999226 0.1271205 -0.06769922 -0.3577514 -0.21595 0.09463254 0.4222735 0.4816301 0.3187664 
0.4415478 -0.4737673 0.3624506 -0.120253 -0.05758762 0.4103779 -0.4021962 -0.0586087 -0.04737985 0.4173762 0.005537539 0.1313079 0.06869531 -0.4373455 0.09192587 0.310737 0.007428135 0.2738819 0.3251479 -0.07727937 -0.4834851 0.344939 0.08692135 0.122949 -0.05533075 -0.385022 -0.3419397 -0.244236 -0.1124407 -0.1249133 -0.3250572 0.1320726 0.2798356 -0.03209935 -0.2257422 0.04492291 0.03757281 0.1751474 0.4357322 0.3991471 0.3997288 0.1555956 -0.4327607 0.4948043 -0.05738065 0.4682907 0.1131561 -0.4958285 0.4876315 -0.4727294 
-0.3740103 -0.1611315 0.03471424 0.1065434 0.1438237 -0.1905247 -0.2536029 -0.1054501 -0.3945107 0.3974895 -0.127195 -0.07734361 0.005659081 0.05347306 -0.4823526 0.349942 0.0640687 0.07389106 0.1200352 0.1236351 -0.3024191 0.003256649 0.2862504 0.2978774 -0.203269 0.1776464 -0.1897753 0.4803779 0.4791254 -0.3648061 0.3685809 0.2635104 -0.3497252 -0.009930198 -0.4977183 0.2522864 -0.3735865 -0.2736374 -0.04974674 -0.07568421 0.4808542 0.4636818 -0.4448877 -0.1879029 0.2015662 -0.1035278 0.3693452 -0.2306381 0.1980733 0.264973 
0.158066 0.1327781 -0.4749539 0.3524376 -0.3413104 -0.1375207 -0.3114063 -0.4553556 0.1042617 0.3915373 -0.3169382 -0.4799655 0.4442967 0.1811735 0.4166353 -0.09087671 -0.1324559 -0.306438 0.3519069 0.1211752 0.4805968 -0.2052932 0.3758178 0.3550622 0.4655691 0.06480277 -0.0217895 0.4338128 0.1391878 0.4342517 -0.01094732 -0.2344197 -0.1238838 -0.412412 0.4521321 0.3485464 0.3192137 -0.03089869 0.07343453 0.09315839 -0.1152578 0.4328515 -0.1255443 0.329078 -0.05628101 0.1861474 -0.412136 -0.29995 -0.153472 -0.3632366 
0.4182617 0.4355324 0.1301741 0.2638216 -0.2240797 -0.1075142 -0.2433381 0.4374581 0.4003055 -0.1898568 0.04326556 0.2194924 -0.0287901 -0.4888966 0.006795086 -0.2497897 0.1455788 -0.3847814 -0.2625455 -0.2695121 -0.1787407 -0.3325059 0.3470339 0.2151434 0.2029136 -0.4549356 0.1645327 -0.3880038 0.07914197 0.07308332 -0.1918592 0.04075236 -0.4664927 -0.1709555 -0.1090139 0.2695602 0.2943704 -0.1349871 0.08079292 0.2019218 -0.2970324 0.2039951 -0.2683532 -0.1570534 -0.2281009 -0.2827518 -0.4141824 0.1593123 -0.3738355 -0.1013454 
-0.4783853 0.4758678 0.1209081 0.2734447 0.3286226 -0.1224907 0.4020251 -0.1988704 -0.1271646 0.006360012 0.09811537 0.3916491 -0.1433348 -0.3016163 -0.3928244 0.3392705 -0.01215442 -0.3717367 0.2392043 -0.2104531 -0.3356072 0.4862666 0.4890542 0.3387999 -0.2911268 -0.1546085 0.04658602 -0.4264108 0.3865208 -0.1745957 -0.3569607 -0.1365969 0.2391608 -0.427218 0.474968 -0.08350824 -0.3159129 0.3351236 -0.2781311 0.05171566 -0.2182853 0.1661071 0.1258086 -0.208754 0.03752903 -0.283299 0.2149409 -0.107153 -0.3659266 0.4265075 
0.1706621 -0.4877717 0.2727914 0.3007602 -0.2443846 0.1582116 -0.263293 0.04812611 0.2984768 -0.08786917 -0.3065778 -0.4330985 -0.4207393 0.3211198 -0.2753547 0.4320082 -0.2341595 -0.4345808 0.1608547 0.3904746 -0.3756704 -0.4050014 0.4941898 0.3126968 0.1188848 -0.3478356 -0.2865249 -0.311706 0.0831845 0.05066163 -0.3913155 0.4984599 -0.2248876 -0.02561 -0.3680179 -0.4238622 -0.2158576 0.418041 0.3481366 -0.4570403 -0.3493488 -0.3813321 -0.3257311 -0.1686057 -0.07261393 -0.3132839 0.1719173 0.3131118 0.1723612 -0.1146354 
-0.4967741 0.02664694 0.3096625 0.08341182 0.317823 0.1722022 0.2371159 -0.2015986 0.1687781 -0.3205224 -0.1259308 -0.1813339 0.1999895 0.2555171 -0.2385204 -0.4252458 0.3926326 0.2478664 -0.1062663 -0.4620708 -0.2399091 -0.0472713 -0.106942 -0.22451 0.3872488 0.09768265 -0.2146639 -0.08922202 0.4948737 0.4466825 -0.08495151 0.4150737 0.01951582 -0.09629312 -0.3234075 0.2900184 -0.2015296 0.01959536 -0.2870896 -0.4427722 -0.3164948 0.036276 0.02430727 0.3102074 0.2828688 0.1979225 0.2256099 0.3987789 -0.05585451 0.3297034 
0.40138 -0.2388607 0.3182381 0.2256787 0.4703161 -0.4118478 -0.4928689 -0.09404439 -0.09318066 -0.4721954 -0.1262682 -0.2824794 -0.414509 0.1115503 0.4959725 0.3377931 0.2943588 0.3897821 0.4726483 0.06355704 -0.1508557 0.4938537 -0.1962791 0.06403028 -0.3634507 0.4989516 0.1344906 0.1673793 -0.1948261 0.2990966 0.09055153 0.3793805 -0.4960414 0.4670691 0.07295074 -0.3024721 0.3295827 0.4079655 -0.09226558 -0.1612007 0.4956596 -0.09131168 0.04694708 0.1493534 0.2080835 -0.3103485 -0.2674449 0.460277 0.1736581 0.2839172 
-0.4365681 -0.4417694 0.09360498 0.1450489 -0.2608481 -0.4780005 -0.2428193 0.351169 -0.3472721 0.2727882 -0.2414305 -0.4008344 0.4982212 -0.43198 -0.4678551 0.4650435 0.1705735 -0.06386233 0.4034668 0.306321 0.1052381 0.3340818 -0.283876 -0.311269 0.0001250824 -0.2090862 -0.09975131 0.158672 -0.1751216 -0.3854502 0.2417709 0.2833216 0.01465142 0.03238574 0.04052707 -0.008614062 0.3811593 0.4359386 0.4349242 0.1079073 0.02695447 -0.106555 -0.4955013 0.1014135 0.2335612 -0.3384221 -0.3074357 -0.141784 -0.3507717 -0.08283029 
0.2894028 0.07388303 0.1353986 0.05910836 -0.4578536 -0.2198896 0.04357915 -0.4387808 -0.3954782 0.2477659 -0.3591598 -0.1787579 0.4162448 0.04482067 -0.2541663 0.3651246 -0.4053331 -0.1031923 -0.1655412 0.3705671 0.2724792 -0.1876425 -0.2130906 -0.0137029 -0.4830818 -0.4686449 -0.3013168 0.1570156 -0.3534153 -0.2799853 0.2473346 -0.1609706 0.05415021 0.07711244 0.4737096 -0.07947123 0.3670768 0.4698308 -0.213448 0.1754025 -0.1032809 -0.01564842 0.1014799 -0.4356429 0.3354281 -0.285403 -0.3934644 0.01820161 0.08449531 0.2022062 
0.4628946 0.03554869 -0.2883687 0.4292136 0.1698351 -0.04962664 -0.4802672 -0.4417139 0.08539882 0.1216176 -0.08696645 0.07374839 0.2746672 -0.0708807 -0.1489531 0.1564886 0.2197622 0.3518876 0.2093926 -0.4687633 0.2585889 0.07646527 0.3123124 0.1322526 0.4076724 -0.2630695 -0.3992739 -0.1423042 0.316462 0.0665448 -0.4883777 -0.3596029 -0.4283832 0.02496709 0.3069812 -0.3264138 0.06436221 -0.3749691 -0.2739345 -0.1827791 0.2007665 -0.4848108 -0.2395618 -0.2446847 0.4168136 0.3202538 0.1720392 0.4692273 -0.3433153 0.09849762 
#
-0.2957803 0.170358 0.2213413 -0.536571 0.1888262 0.2953764 0.05513099 0.2094111 -0.2806816 -0.1490133 0.59939 0.3186842 0.2959028 -0.2854469 0.400575 -0.1962116 -0.273964 0.05177444 0.04423674 0.08222585 0.28889 0.3312641 0.2880669 -0.3094845 0.5513492 -0.691599 0.3343607 0.06966928 0.6242083 -0.3574937 0.421672 -0.08438462 -0.2401744 -0.3086234 -0.01549608 -0.4797441 -0.1127218 0.1507972 -0.04593206 -0.09872749 0.3815989 -0.3045531 0.08540267 0.05783617 -0.3556021 0.3386908 -0.08352029 -0.1834915 -0.1273018 0.3639778 
-0.05334054 0.515313 -0.1487965 -0.07342284 -0.1765774 0.217746 0.2011117 -0.1493652 0.6116745 0.03746861 0.0981301 0.2070353 0.3439578 -0.00861654 0.3260109 0.4517654 -0.4729958 0.01239081 -0.221113 0.7555952 -0.8695416 -0.02437015 -0.215596 0.6672673 0.09013632 -0.1050594 0.06897674 -0.404529 0.05675193 -0.3857332 -0.2674049 0.5745851 -0.07698876 0.0442166 -0.2483253 0.09965949 0.0123014 -0.1847859 0.03853179 -0.005775661 0.6213487 -0.007893552 0.3615682 0.04617797 -0.6946536 -0.2623233 -0.01098371 -0.5948159 -0.02418009 -0.3329783 
#
##### Level: 4  Time: 19.841 #####
##### 2018/12/1 0:25:35 ##### Type: Tanh
