##### 2018/12/2 19:30:46 ##### Type: Tanh
-0.7072453 -0.9835649 -1.727412 -1.286331 -1.068013 0.7780406 -0.1000488 
0.3751982 0.4265801 2.246932 -0.4642259 -2.540864 -1.433538 -0.3564478 
-0.7864608 -0.2910365 -0.9822022 -0.4766892 0.5502926 0.01806504 -0.1483381 
-0.8548809 -0.1507665 -1.737382 -3.443253 -0.5586495 0.1300922 -0.4840727 
1.540309 1.948244 3.889537 2.326355 -1.854903 -0.3550656 0.07237462 
1.657446 2.677372 7.648325 1.523713 -4.277123 0.1157367 0.2923859 
-0.08003911 -0.1028507 -0.1635273 -1.552322 -0.3350102 -0.5362094 0.05905556 
0.4001836 0.4851432 2.470911 1.43942 -1.254681 0.385449 0.7705273 
1.220965 2.097955 4.868436 2.334577 -1.857364 0.5542278 0.1648316 
0.8891143 0.340583 1.32295 -1.325971 0.5526266 2.14752 -0.4036056 
0.1274862 -0.7608067 -0.7960808 -0.5320027 0.2659687 0.01529563 0.02951664 
-0.1216121 -1.053502 -2.525306 -0.3446085 1.446075 0.97271 -0.1845733 
-0.150482 -0.5063847 -0.8154913 -1.94404 0.8320789 -0.5081698 -0.3293968 
-0.2535115 -0.7617133 -2.363162 0.4414451 3.126023 -0.595703 0.471274 
1.027402 0.4284181 0.870405 0.7031653 0.295251 0.1961595 -0.09954183 
0.1018845 0.1543592 2.234348 0.6624649 -1.817111 -1.525379 0.4772761 
0.1241611 -1.319019 -3.800666 1.133475 4.79663 0.1961669 0.1028117 
-0.294605 0.5150698 1.150164 -0.1202787 -1.57646 -0.529205 -0.450026 
-0.18736 -0.7664111 -2.647517 0.7050618 3.001641 0.5265595 0.2742822 
-0.1333418 -0.09742292 -1.963345 0.6719585 1.837367 0.4328707 0.06169059 
0.7311779 0.0429314 1.534305 0.4258568 0.2638565 -0.02670131 0.4228064 
0.1371802 -0.7860163 -1.035146 -3.362659 -0.2392452 0.3161525 -0.6447024 
0.687955 1.183073 2.101796 2.452901 -1.813085 2.26671 1.270069 
0.9674655 0.6550946 1.705145 0.9681361 -1.106937 -0.01627687 0.5305808 
0.1517269 -0.2388515 -1.165066 0.0591641 0.4844326 0.01076251 0.4960913 
0.3973146 0.5247682 1.707168 0.08960148 -1.21849 -0.9737486 0.2622796 
-0.8858622 -0.258862 0.6445908 0.1753621 -0.4280445 -0.3752101 -0.3054796 
0.5162675 0.7178252 1.558689 1.264614 -0.03913233 -0.6478662 0.09147909 
0.3138208 0.6260008 1.636994 -0.2354218 -0.544675 -0.5165265 -0.2266614 
-0.2999333 1.883438 3.261803 0.6443199 -1.131585 0.5326208 -0.1098764 
0.2242906 0.1166531 -0.9740493 -1.190428 -1.135222 -0.174687 -0.4801151 
-0.3326102 -0.2104951 -1.746069 -0.9825111 1.525118 -1.651414 -0.596758 
0.9509476 0.4270996 1.767071 1.060626 -0.5239665 -0.3653982 0.7176725 
0.6115458 -0.08834346 -0.5091714 -1.019688 0.4256888 -0.4442506 0.1263095 
-0.1940004 0.4151917 1.182865 -0.09070373 -0.8863806 -1.715347 -0.3012955 
0.2297237 0.6936933 0.304998 0.8112902 1.213654 -1.531812 -0.1523468 
-0.2671906 -0.6729886 -1.756577 -0.8361887 -0.482033 0.9154692 0.5315764 
0.1509651 0.1625313 0.7559569 -0.9540875 -1.422149 -0.4528311 -0.5025743 
0.08237073 -0.8243 -1.456899 -1.756195 2.722919 0.6562468 0.2276123 
-0.6531831 0.1574942 1.82742 -1.553296 -2.51208 -0.06177305 -0.896268 
-1.162815 -0.7519771 -1.518119 -1.597633 -0.4635178 0.5550467 -0.5376858 
1.035865 0.9613423 1.621051 1.716302 -1.034487 0.8847839 1.119688 
0.6620011 0.1987034 0.3153766 0.6545074 0.6233714 -0.5258627 -0.1752932 
0.8792074 0.1353993 2.028994 -0.03276185 -0.7617651 -0.02862515 0.3291888 
-0.3427655 -0.5848917 -2.521715 -0.6033098 1.705473 0.3064477 0.01793841 
0.0440327 -0.00919884 -0.9628885 -1.094857 0.08663127 0.3127062 -0.09934787 
0.6111122 1.632167 2.633564 1.303506 -0.9265125 0.7053834 0.3264978 
0.923873 1.038887 1.434068 0.6744444 -0.9829454 1.314164 0.6528315 
-0.05802954 -1.329325 -2.535004 -0.2870048 2.031479 0.4277625 0.7805782 
1.23288 -0.1554101 0.1765216 1.90932 1.395189 0.05584403 0.06437211 
#
-0.1231226 -0.08727269 0.002504023 -0.08523249 -0.2143029 -0.5328043 -0.4499075 0.1104785 -0.5014983 -0.1134777 0.2591005 -0.4408161 0.3425356 -0.0693066 -0.4493878 0.3945843 0.3382112 0.2152687 0.02006673 -0.2846781 -0.1636909 -0.3322557 -0.3180685 -0.2182166 0.08876501 -0.02438414 0.4268223 -0.3186371 0.101063 -0.3126016 0.2587394 -0.21353 0.2919027 -0.4448046 -0.3220369 0.218895 -0.2339001 -0.04460084 -0.2424411 0.07539354 0.375333 0.2302959 -0.496983 0.2290457 -0.09122714 0.04142942 -0.2565941 0.0661518 -0.2325084 0.1996057 
0.3216212 0.2966379 0.5417972 -0.1476325 -0.2927873 -0.4702563 0.002388882 -0.192101 -0.3843159 -0.06166337 0.4698779 0.1434398 0.0328426 0.1533673 0.006275305 0.2179606 -0.2897795 -0.3995156 0.5346147 0.2525908 0.1680927 -0.3736509 -0.1209817 0.1733736 -0.2472761 -0.06432422 -0.2845505 0.4111175 -0.4330859 -0.0504847 0.3962056 0.0668129 -0.5378641 -0.6208097 -0.1708184 -0.4652577 0.401427 -0.09883852 -0.01456073 -0.1548229 0.2643014 -0.4388636 -0.108278 0.0815393 0.2917071 0.188659 -0.2064043 -0.2656387 0.07869069 0.3407999 
-0.1436617 -0.1996906 0.05807917 0.1529985 0.3427492 -0.233136 0.2591913 0.497061 0.4573638 -0.374152 -0.3283164 -0.2433859 0.3437599 0.5597978 0.4614281 0.1452596 -0.2886487 0.1932425 0.2459965 0.5125383 0.0901523 0.2035109 0.1809671 -0.468066 -0.3085038 -0.2157828 0.06560618 0.2639086 0.334233 -0.3053681 0.1535729 -0.360565 -0.3737922 0.3525564 -0.207316 0.2409639 0.1137805 -0.4480441 -0.3373029 0.1354056 -0.5212493 -0.3621149 0.190477 0.08814428 0.2624403 0.4934803 -0.01405244 0.02034717 0.05760018 0.06037344 
-0.2566572 0.198618 0.02087718 -0.05540466 -0.4647827 -0.4313945 -0.1196065 0.007571563 -0.1322628 -0.3038327 0.1194797 0.155176 0.4655448 -0.1304935 -0.3852305 -0.362962 0.1543224 -0.008992403 -0.3110055 0.5755515 -0.3366848 0.2566237 -0.4504554 -0.5434167 0.1921959 0.5266646 -0.1145438 -0.3366983 0.38332 0.4520614 -0.3271927 0.537532 -0.2118567 0.3043307 0.0489136 0.4427343 0.02490241 0.4984336 0.2831573 -0.1854034 -0.2893576 -0.3773412 0.3126978 -0.3643157 0.003534141 -0.05663244 0.263069 -0.1254005 0.2274286 0.1348483 
0.07693465 -0.3485219 0.1982984 0.06224377 -0.04627004 -0.2923448 -0.2473791 0.09153391 0.3423666 -0.2647878 0.3721291 -0.06395689 0.3969022 -0.4050854 -0.4395359 -0.1367959 0.3177703 0.08816767 0.3289076 0.2008125 -0.3135783 -0.4180344 0.1109334 -0.0003717139 -0.1279012 -0.3884704 0.4676392 0.1468775 0.1746054 0.09351154 0.2340449 0.293359 -0.0732456 0.1040707 -0.3658444 0.1546555 -0.4952123 -0.2976461 0.1671501 -0.3940227 -0.3990836 0.2761454 -0.4858434 0.4812536 0.4974388 0.4630109 0.1714922 -0.1552759 0.3810607 -0.2231755 
-0.03218133 -0.2245222 0.3813977 -0.2858245 -0.4897619 0.2596483 0.1974965 -0.3993217 -0.1447813 0.2321849 -0.2419009 -0.4885174 0.4467413 0.3071647 -0.4577176 -0.474101 -0.1377818 0.4293736 -0.2923906 -0.3064881 0.1665107 0.03817532 0.1716285 0.01014151 -0.2079669 0.4339462 -0.2798159 -0.07345065 0.01172177 -0.02254561 -0.08015852 0.337568 -0.3505747 0.3876762 -0.1115298 0.1681608 0.4354164 0.2164652 -0.02131927 -0.38913 -0.1227915 -0.4284777 -0.5084137 0.008660705 -0.07665884 0.02647611 -0.4446221 0.005454481 0.1704872 -0.51524 
0.1171752 -0.3131493 0.2389922 -0.3236081 0.4815287 0.2648083 -0.4502149 0.581894 0.3458022 -0.03320146 0.3224128 -0.3736984 0.01179479 -0.4337752 0.03306528 -0.2061805 -0.7272915 -0.2935182 -0.271372 -0.3591382 0.5564076 0.2449229 -0.08809491 -0.2430722 -0.02520092 0.0192199 0.1959914 -0.004376365 0.1292869 0.3722563 0.3266846 -0.3504159 0.3224314 -0.3056331 0.1688151 -0.07667385 -0.5185706 0.1861754 -0.1503203 -0.366892 0.0570653 0.2233674 -0.1671008 0.5860488 -0.4457476 0.008550258 0.458774 0.520313 -0.4086962 0.6107323 
0.4229922 0.2623254 0.3776414 0.4552267 -0.3757024 -0.05346407 0.07501415 0.1876474 0.2087478 0.06619353 -0.04425373 -0.2948669 -0.01138236 -0.06922062 0.1473769 -0.09995326 0.1392683 0.3119306 -0.2898682 0.2685773 -0.269549 -0.332045 -0.4692095 -0.1517604 0.1246684 -0.1373892 0.460188 -0.2143146 0.5082949 0.4295557 0.4935802 0.4824399 0.2125132 -0.269712 -0.2409093 0.1764652 0.3506786 -0.2411029 -0.0320484 -0.1008893 0.2375713 -0.166719 0.02570795 0.09603661 -0.4586573 0.09163702 -0.01481634 0.4048341 -0.3215376 0.2807187 
0.0931988 0.03898592 0.4243724 -0.121882 -0.4942305 0.4508131 -0.4541651 0.149701 0.2616126 0.06303419 0.1214181 -0.1857513 -0.2842359 -0.2507198 0.2921286 -0.2941064 0.1284699 0.3653023 -0.08344167 -0.5465739 0.2603921 0.2699676 0.01353914 0.004922205 -0.2216028 0.3343863 -0.3264586 0.19185 -0.08857638 0.2464381 -0.2175472 -0.193193 0.09552458 -0.01108246 -0.2467773 0.1663674 0.2302707 -0.0849358 -0.1196275 -0.4055572 0.4965039 0.4636818 0.2596295 -0.05064577 0.1125645 0.4652202 0.3442449 -0.4796653 -0.2346148 -0.2882226 
-0.1243684 0.3113037 0.06739841 0.04176367 0.009134402 -0.237558 0.3457105 -0.0909096 -0.4771546 -0.03742175 -0.1692305 0.1742568 -0.2712768 0.2080971 -0.08678721 0.0487701 0.10452 0.2711545 0.1329572 0.3677647 -0.2083389 0.1398355 0.008606997 -0.2790215 0.1767744 0.4735447 -0.1617438 0.444228 0.5029669 -0.664351 0.3238806 0.2743589 0.00738382 -0.4104688 -0.1428534 0.07068577 -0.3607764 0.4715603 0.4912525 0.05673219 -0.3755101 0.4479143 0.101023 0.118684 0.3298243 -0.1514587 -0.1013824 -0.02502275 0.4092518 0.149298 
0.2936857 0.3827638 -0.3983548 -0.1733476 -0.1779706 0.05243574 -0.2317817 0.007990869 -0.4470842 0.3948791 -0.281441 0.438145 -0.05006153 0.251437 -0.2223489 -0.2781405 0.5020325 0.129534 0.3621924 -0.198321 -0.3039964 -0.4439442 0.4284061 -0.4845916 -0.462538 -0.09509075 0.1236106 -0.3111695 0.4248896 -0.4262192 0.1713585 0.1381276 0.3842942 -0.4236539 0.2915248 0.3578705 -0.1120005 0.4773725 0.2966757 -0.2492958 0.3115618 -0.0655365 -0.448811 0.3088062 -0.1171886 -0.4371784 0.4503492 0.1153462 0.0710355 -0.1106847 
0.2809947 -0.3017378 0.13016 0.2638232 0.4263864 -0.4012717 0.4413409 0.3856705 -0.03158656 -0.04983114 -0.1729443 -0.2814514 0.3817665 0.4342157 -0.4852385 0.2817842 0.438967 0.1871845 -0.2285812 -0.1999879 -0.2738467 -0.2575639 -0.5077809 -0.1215504 -0.1539283 -0.3948733 -0.03543023 -0.2794305 -0.4062192 0.3596359 -0.0519656 0.2274584 0.1881272 -0.04456287 0.3290209 -0.1499164 0.3611607 -0.3639587 -0.4389434 -0.364117 -0.4123691 0.1174588 0.1281599 -0.05258041 0.4502441 -0.03897482 -0.1080352 0.1439233 -0.1069669 -0.3363425 
0.1225799 0.2605871 0.1048178 0.1396805 0.4708693 -0.4845754 0.0219929 -0.3470165 0.4080608 0.2710501 -0.1696559 0.4819 0.4348614 -0.06318717 -0.0664401 0.094822 0.1622652 -0.1596258 0.3118303 0.06281685 -0.2645223 -0.2721083 -0.2674541 -0.4198384 0.1376595 0.0756252 0.1368689 -0.1179138 -0.02872054 -0.2515629 0.1869782 -0.1983177 -0.1699938 0.05950582 0.1186784 -0.05628454 0.266744 -0.199289 -0.4794804 -0.328645 0.1913924 -0.005187277 -0.3639709 -0.0723414 0.3633331 0.3965737 -0.1200507 0.006707501 0.3927351 -0.06589781 
0.4029414 -0.4503969 -0.2131599 -0.4823849 0.07933864 -0.1761137 -0.08630003 -0.411574 -0.4952037 0.002649539 -0.1628313 -0.3506675 -0.3201669 0.2758511 0.4517501 0.3181317 0.2220804 0.02794356 0.1192375 0.1016463 -0.2979831 -0.3051724 -0.1132027 -0.08709195 0.1816644 -0.1929747 0.3932388 -0.2578253 0.03911071 -0.3014191 -0.330146 0.06794864 -0.1156068 0.4869 -0.5064862 -0.09286812 -0.3856163 0.07962079 0.03856615 0.3268313 0.2987883 -0.2871825 0.0942451 -0.05918858 0.4688876 0.07633679 -0.3994182 0.2351915 0.2597271 0.02875958 
0.3998936 -0.3996585 -0.5443431 0.03965107 -0.1009368 -0.09916238 0.04269245 -0.1134626 0.5667507 -0.3586271 -0.3407041 0.2520695 0.00398571 -0.1894294 0.2431143 -0.3655152 0.1277841 0.1664965 0.3602431 -0.01113614 0.2686867 0.3882316 0.3326461 -0.2936263 0.04378685 -0.4497726 -0.470743 0.3743439 -0.4477609 -0.07036395 0.03840888 0.02440189 -0.1378934 -0.2284646 -0.4238769 -0.03049396 0.3971087 -0.3569791 -0.1782378 0.3659813 0.3552507 -0.06393896 0.3971018 -0.3532524 -0.381778 0.2488387 0.04339711 0.08230001 0.2913242 0.4464354 
-0.1498937 -0.2049151 0.1030479 -0.1046494 0.4584355 -0.07650492 0.3452561 0.2136678 0.02157983 0.510878 -0.1148916 -0.05220857 -0.4957772 -0.5056162 -0.3049114 0.4077594 -0.4678473 -0.06806482 -0.4605629 0.3290392 0.1457838 -0.5218378 0.4225084 0.486309 -0.4246897 -0.1355178 -0.1503021 -0.09917395 -0.2679154 -0.3077136 -0.3504362 -0.08022319 -0.2709611 -0.3891501 0.4695387 -0.3196513 0.01713841 -0.3040872 -0.3740987 -0.3624299 -0.2868049 0.0486663 -0.3548091 -0.09170108 -0.207537 0.3516605 0.02821303 0.3559296 -0.4692161 0.2832268 
-0.058096 -0.4026515 -0.2272177 0.123876 0.2204502 0.4424886 -0.4442858 0.03887063 -0.06113739 0.2323408 0.3037953 0.1104131 -0.001622786 -0.1210599 0.2795311 0.4004757 -0.2599558 0.1050899 0.2084575 -0.2784857 -0.0877351 -0.2766915 -0.04336519 -0.213843 -0.09618811 0.04680514 0.2211404 -0.2498081 -0.2431893 -0.2905854 -0.2287285 0.3007676 0.4754626 -0.04233961 -0.1130559 0.06503416 0.4054083 0.312845 -0.1499566 -0.3872933 0.429247 0.449535 -0.008903418 0.3562032 0.2431206 -0.5082445 -0.4092899 0.4308062 0.4392244 0.2852813 
-0.3130869 -0.2413494 0.07533199 0.4071523 -0.03300579 0.114598 -0.3296679 0.2760308 -0.2163949 -0.3410978 0.4820655 -0.2837709 -0.336656 -0.2052477 0.2648713 0.3908227 -0.3152491 0.2264049 0.148256 0.2626409 0.2720359 -0.1454816 0.1059638 0.4717362 -0.3775685 -0.3499546 0.1902661 0.01382705 0.262404 0.2819798 -0.1197335 0.4540942 0.4597801 -0.402146 -0.3503464 -0.4335466 0.2010724 0.2010083 0.2434365 -0.01296029 -0.121426 -0.300721 -0.298718 0.1248945 -0.143224 0.124492 -0.2144469 -0.03495245 0.1832287 0.1080165 
-0.1038204 0.06442036 -0.3121943 -0.177837 -0.1533945 -0.2983005 -0.2195024 -0.08023864 0.1833432 -0.1288764 0.5056062 -0.1409273 -0.3426561 0.3856401 0.1986261 0.3063513 -0.4028738 0.0697164 0.4299244 -0.2348622 0.05588864 0.2140626 -0.5441217 -0.5145795 -0.1734471 -0.2419754 -0.2710695 -0.1518196 0.146791 0.2895926 0.3765151 -0.2238726 0.1908333 -0.1378098 0.3431138 0.3650537 0.4349029 -0.2480508 -0.1560098 -0.04361183 -0.416687 -0.3935902 0.2497893 -0.03681811 0.3622757 0.1035311 -0.3631495 -0.3964483 -0.2554924 -0.4845062 
-0.120224 0.3618867 0.3649995 0.3179598 0.3276385 -0.3360146 0.2230928 0.34284 -0.2249027 -0.0603173 -0.03735827 -0.3153851 -0.3330335 -0.1502501 -0.1645733 0.2182726 0.2148789 -0.08116156 0.5073734 -0.3129038 0.1068598 0.303902 -0.1393259 0.3679602 0.2839626 0.1329123 0.294264 -0.2180866 -0.2243693 -0.2911004 -0.06154233 -0.1188759 -0.5483264 -0.4403959 -0.04239101 0.1736826 -0.5348076 -0.1610384 0.4702851 -0.4736053 -0.3815471 -0.04496495 -0.3009968 -0.3849417 0.2404265 -0.4181221 0.4283924 0.5231329 0.3728472 -0.3439944 
0.3543384 0.4618958 0.3838873 0.3924397 0.1269725 0.4738376 0.3808434 0.3006113 -0.2275384 -0.4445204 -0.3892072 -0.1204215 0.3393665 -0.1366083 -0.1754647 0.4658857 0.4069356 -0.449451 0.1049184 -0.2151262 0.4083408 0.260561 0.1383196 0.2472413 -0.2352461 0.1174521 0.4889382 -0.1126222 -0.3382706 0.2350587 0.2934939 0.4948212 0.4565563 -0.2612768 -0.3220766 -0.4161381 0.08969539 0.1644595 0.2641331 0.03467969 0.3213407 0.4523235 0.2634764 0.1981397 -0.3697009 -0.07923096 0.2446412 -0.01945456 0.384324 -0.2955772 
-0.2519828 0.04671776 0.3697723 -0.3317991 -0.1794562 0.3417636 -0.4096836 0.1251868 0.2241454 0.006030644 -0.09022648 -0.2965681 -0.3834561 0.2658526 -0.2605214 -0.3024255 0.1043691 -0.2945482 -0.2888848 0.4291844 -0.3200921 -0.04194421 -0.3822834 -0.1340477 -0.4486959 -0.04649691 0.4227641 0.02230845 -0.05428321 -0.0698991 0.1510616 -0.1419445 0.1076064 0.1067618 -0.08766373 0.0814786 0.4783346 -0.2377587 0.4657473 -0.4048122 0.04059156 -0.1254018 -0.03028745 0.2440214 -0.172352 -0.07549087 0.2439684 -0.1860309 0.08788956 0.1019005 
-0.007460734 -0.2830379 -0.3589882 0.004499381 0.07370657 0.3285608 0.3373129 -0.3900644 0.2357926 0.3394155 0.4155904 0.3047223 0.1867436 0.2196454 -0.4587062 0.5167892 0.2805848 -0.2390344 -0.1106369 0.3246329 -0.172989 -0.2265633 0.03183154 -0.01006656 -0.06066511 -0.4166211 -0.1931016 0.1458986 0.3304983 -0.2571797 0.1682018 0.3467836 0.3372773 0.1022719 -0.0009064212 0.2685195 0.1672961 0.5000731 0.09801468 -0.1045928 0.3229423 0.1757295 0.3001641 -0.3335869 0.1938472 -0.2385171 0.3154641 0.3885432 -0.1345172 -0.2603848 
-0.3880166 -0.3839399 0.05977546 -0.1340876 -0.4452744 0.123556 -0.1647523 0.01839374 -0.4909613 0.30888 -0.2530393 0.3358491 0.04457577 -0.1431092 -0.4980137 -0.2922959 -0.471221 0.008450897 -0.4501207 0.2932473 -0.3768602 0.3595417 0.3412021 -0.3488483 0.2239387 -0.2567596 0.2136113 -0.2955692 -0.05193874 0.3256333 0.2215811 0.2839567 0.1579728 0.4777804 0.5010632 0.2846373 -0.2182782 0.00587786 0.05680351 -0.249232 0.2627885 -0.3793916 0.4371721 0.3176288 -0.2782658 0.4108907 0.3503919 0.1225272 -0.05061469 -0.1013088 
-0.05001618 0.04694522 -0.1355295 -0.09230611 0.1645176 -0.07598951 -0.1074604 0.1937735 -0.08287907 -0.4280334 -0.2029533 0.2782941 0.3226658 0.2398909 -0.3100429 -0.6034925 0.3693253 0.1138205 -0.2202472 -0.3453456 0.01803169 -0.1849472 -0.3300662 0.243075 -0.1533417 -0.1710712 -0.08686508 -0.05950689 -0.04760266 -0.03904606 0.2685112 -0.4860621 0.4693821 -0.2930596 -0.152973 0.4927819 0.1944694 0.2490869 0.4461899 0.2555814 0.2699661 0.1782338 0.04161696 0.1328118 0.2039747 -0.1274991 -0.2960464 -0.05565533 0.1111093 0.3882976 
0.1213238 0.1114054 -0.3935291 -0.3636777 -0.01346017 -0.1571915 0.3438887 -0.3325211 -0.4425581 0.2068609 0.01112916 -0.01527874 0.299603 0.06847643 -0.2103943 0.3063388 -0.006493741 0.0818907 0.3483082 0.3293276 -0.5541714 0.1592764 -0.4930083 -0.24948 -0.07131969 0.3811459 -0.1382339 -0.6000208 -0.4015062 0.2233369 0.2688996 -0.264479 -0.3285062 0.4411907 0.4662963 -0.2496257 0.07676011 0.03110589 0.3554258 0.2824931 0.05210498 -0.2723774 -0.527042 -0.4269275 0.4285496 -0.1590035 -0.1826053 -0.5756368 0.4408338 -0.5197811 
-0.4576932 -0.4143658 -0.1604539 0.3523924 -0.476843 -0.1078 -0.1409083 -0.4430875 -0.355045 -0.1858961 0.4617247 -0.163786 -0.03294007 -0.03694335 -0.2334039 -0.3649277 0.07842604 -0.003967804 0.066671 -0.4381258 -0.1322608 -0.05984423 0.003528766 0.2811148 0.1754446 0.4583877 -0.2468132 -0.2330167 -0.1854566 -0.3783558 0.01466314 -0.2108879 0.3732385 0.2217985 0.3085365 -0.1569687 0.1871637 0.3423112 0.2098421 0.2741096 0.2445152 0.4519008 0.3552712 0.252319 -0.1978697 -0.4490772 0.2735521 -0.3381431 0.02025707 0.3855954 
-0.4120959 -0.3055305 0.2769752 0.3878818 0.07637727 0.2355614 -0.238902 0.06421945 -0.4791281 0.241988 0.291659 0.01579805 -0.08453776 -0.2267258 0.1165858 0.5922074 -0.0185089 0.2053747 -0.4206497 -0.4177535 -0.1999425 -0.1067442 0.4644302 0.1395113 -0.5078523 -0.2123821 0.1546719 0.1994855 -0.2168206 0.51088 0.3512543 0.2407296 -0.2572729 0.04683349 -0.09720254 0.4859784 0.3918814 0.0288229 -0.4988109 0.3378179 0.2619653 0.4581712 0.1749539 -0.07823046 -0.09679081 -0.1527686 -0.5138987 -0.3628497 0.2342801 -0.5359748 
-0.1013982 -0.3217558 0.5218938 0.08239076 -0.4022676 -0.22092 0.406937 -0.4022617 -0.0184164 0.2824084 0.3501051 0.1445135 0.03993556 -0.2659999 0.4675248 0.4217017 0.2758097 0.4560829 0.3549967 -0.28965 0.425093 -0.0007199192 0.3400977 -0.4560588 0.3035472 -0.1166677 -0.1441545 -0.122357 0.1052493 0.1240078 -0.04808038 0.06710425 -0.2896746 0.1496364 -0.3086388 -0.4491878 -0.2131758 -0.4020307 0.05689324 0.1093066 -0.2696508 0.4220858 -0.02588158 0.2915952 0.3629824 -0.1286249 -0.4778255 0.03976788 0.05499825 -0.4281341 
0.4727466 0.1122051 0.1246949 -0.388433 0.1261649 0.3418194 0.4080511 -0.1363759 -0.06737681 -0.4895369 -0.3842362 0.1687823 0.1100354 0.2574949 -0.08619654 0.5261333 -0.4719253 0.2048919 -0.2068341 -0.1044092 0.2535146 -0.2245972 -0.2345219 0.3560509 -0.3007596 0.008353728 0.2438195 0.2818456 -0.0535159 -0.4272478 0.002562928 -0.429343 -0.456775 -0.0337155 0.139472 0.1434347 0.4240286 -0.1358161 -0.4784149 -0.2449618 0.455373 0.04508307 0.170224 0.3968774 0.1626921 0.4649629 0.1864547 0.1398235 -0.08202851 -0.1336229 
-0.04582586 -0.26508 -0.4421716 0.01699341 0.2588421 0.5450326 -0.03651343 -0.2700429 0.1210792 -0.5379692 0.2876402 0.04841694 -0.3379448 -0.3295345 -0.3260508 0.02913222 -0.3240874 0.06499138 -0.2738964 0.01358035 -0.2698094 -0.08270285 -0.2959783 -0.3727484 -0.3365909 -0.2026904 -0.4673559 0.2800815 -0.4785613 0.04065802 0.2966257 0.05977211 -0.196961 -0.1148826 -0.326566 0.4974895 0.1793628 0.2762915 -0.09185943 -0.5600568 -0.1427768 -0.1205864 -0.1797519 0.2355628 -0.5468364 -0.08936092 0.01655085 0.151274 0.2483946 -0.01350638 
0.4050391 -0.4707893 0.003213846 -0.2512974 -0.04249725 0.403906 -0.4158313 0.2050059 -0.07135178 0.2797516 -0.315827 0.1901525 0.2771495 0.04011258 0.09991147 0.1136643 -0.2610481 0.05540751 -0.396761 0.1244892 -0.4013295 0.1083511 0.333715 0.1491417 0.066071 -0.2932883 -0.4705528 0.3732444 0.1159741 -0.2709708 -0.1078143 -0.1288774 -0.2412235 -0.09942237 -0.3459467 -0.307905 0.375177 0.2072838 0.2913896 0.0990878 0.1903472 -0.2603209 0.1968012 0.2150217 0.3830223 0.3199447 -0.06659165 0.07164785 -0.4393652 0.3712857 
-0.1546719 0.04272862 0.4291855 0.02995049 -0.3933719 0.09295896 0.2209615 -0.3669768 -0.391475 -0.1472077 -0.4654792 -0.09963806 0.3363873 0.2048278 -0.3800473 0.5084437 -0.6053118 -0.5204214 0.1068463 0.08485124 -0.3520185 0.1289473 0.01650358 -0.2041408 -0.2059109 0.09826647 0.119857 -0.1811477 0.1008854 -0.384332 -0.09582926 0.3973565 0.3342214 -0.16808 -0.3403495 -0.4797913 -0.1214613 -0.1413081 -0.2370956 -0.3437216 -0.3898245 0.3975065 -0.4701414 -0.3750224 -0.05153253 -0.526821 0.3682299 0.02785611 -0.07658733 -0.1216323 
-0.2756708 -0.3204631 0.4603088 -0.4660116 -0.0164161 -0.02576752 0.2361066 0.2243575 -0.1206343 -0.4784478 -0.3628428 -0.1571919 0.2477718 0.3389604 -0.4183679 -0.2926047 -0.1964055 0.3180546 -0.09008459 -0.4301094 -0.3768307 0.0151213 0.06398167 -0.1300676 0.03915342 0.4084047 0.1885993 -0.04538911 0.2951032 0.2532768 0.2940054 0.382049 0.2875872 0.06801523 0.4458828 -0.4082685 -0.3219201 0.3901928 -0.333499 0.4247492 0.1471827 0.1235853 -0.4980577 -0.2855921 -0.4208707 0.08030735 -0.1694923 0.2208291 0.02590959 0.01469506 
-0.1352665 -0.1167142 0.2317189 0.2143483 -0.04033155 -0.2267348 -0.1420471 -0.1488209 -0.4840244 -0.2316221 -0.193427 0.3287019 0.02829411 0.06815327 -0.1458341 -0.1109073 -0.1268695 0.05854304 0.3527658 0.1063273 0.4183483 0.1564611 -0.2252696 0.3238156 0.2605165 0.1782408 0.4188408 0.2902951 0.3131706 -0.3643839 0.06691297 -0.1907262 -0.1606401 -0.05969413 0.01387891 0.428125 -0.06794786 -0.1600352 -0.2601457 -0.004923585 0.3747042 0.1228373 -0.4010817 0.1844667 -0.5141106 -0.4212011 -0.2750302 -0.3832293 0.04803193 -0.1549964 
0.219 -0.1058751 0.3089844 -0.1989652 0.4879231 -0.4353417 -0.5030561 -0.2305046 -0.2978433 -0.1487197 0.4006624 -0.5021927 -0.3158792 0.1633712 0.02082998 -0.1170245 0.2719795 0.3052855 0.1294064 0.05387785 -0.1810694 -0.3704866 -0.4171596 -0.0486338 0.2610488 -0.1455102 0.2376578 0.5280622 0.2862198 0.134671 0.2153987 0.1108684 0.1978759 -0.165529 -0.3473429 0.04833649 -0.4300149 0.2815249 0.5746629 0.4160481 -0.2640765 0.07755532 0.4078448 0.3919138 -0.2964427 0.2714484 0.1441908 0.2350138 0.5179765 0.1002227 
-0.2627406 -0.2205073 -0.2430901 0.2216756 0.1326491 -0.3490879 0.2877497 0.03534711 -0.4050414 -0.005287703 0.4108478 -0.301182 -0.2134666 -0.288644 -0.2372987 -0.0704989 -0.2606923 -0.188251 -0.1909007 0.2655659 0.4939443 -0.4990623 0.3881719 0.4225412 -0.4264419 0.4660823 0.3517467 -0.1689643 0.3089531 0.08769712 0.1411451 -0.245686 0.4171818 -0.08130211 0.3153082 0.0305769 -0.1797435 -0.05231145 -0.4310014 0.3417138 -0.2432948 0.2953246 -0.02930758 -0.3338965 0.4484464 -0.246141 0.1657949 0.4148954 0.2791557 -0.186589 
0.3977439 -0.164912 0.4498211 -0.0814079 0.3777321 0.4674643 -0.07598916 0.3072489 0.4151041 -0.3358999 0.3303706 -0.1313003 -0.00566492 -0.2841584 -0.2987003 -0.3081245 0.2377124 -0.3244128 -0.2968323 0.4443729 0.1873036 -0.1426892 -0.007467995 -0.5023932 0.4213802 0.2336743 -0.3946957 -0.02388759 0.5570835 -0.3805448 0.1134123 -0.4502108 -0.1219027 0.1819641 0.2913034 -0.220773 0.3197294 0.1976573 -0.3328275 0.2128235 0.2835357 -0.3444906 -0.3269302 -0.4584037 -0.3659995 0.4352598 -0.2701673 -0.120354 -0.3173471 -0.2616214 
-0.3535756 -0.3240643 0.3900213 0.1678061 0.2297993 0.3314186 0.401878 -0.2871724 0.1707671 0.2292788 -0.3761085 0.1442647 0.1279717 -0.2994338 -0.1088918 0.2397776 -0.3980192 -0.09002119 -0.4590159 -0.329343 0.3497825 -0.1282601 0.4250857 0.4634579 0.3001654 0.1718118 -0.09911992 0.3316865 -0.1792002 -0.3147065 0.332416 0.4017029 0.4269229 -0.08752376 0.4383192 0.3994609 -0.1124575 -0.3210518 -0.1978856 -0.3692085 -0.337591 -0.1006777 0.06457624 0.4631464 0.3273826 -0.1134738 -0.2399558 -0.2671804 -0.3578463 0.04430523 
0.06168039 -0.03928705 -0.3481688 -0.3667934 -0.05219234 -0.242502 -0.2306054 0.01573433 0.1788205 0.4043072 0.04813153 0.2991008 0.3954116 -0.07284281 -0.08740251 0.2429331 -0.3479575 0.1941777 -0.07701586 0.4168925 -0.1709194 0.4132999 -0.3643077 0.0895305 0.2523283 -0.04355509 -0.2557414 0.3177169 0.06203158 -0.03432101 -0.1531691 0.3844081 -0.5086434 -0.05435025 0.1585529 -0.5014643 0.4991798 -0.08235506 0.3635186 -0.3719342 0.2075531 0.1889045 0.1441047 -0.1523256 0.2674362 -0.2400421 -0.2630433 0.4259369 -0.2063062 -0.1448491 
-0.3150863 -0.04832685 0.2580214 0.1748056 -0.3412297 0.110704 -0.1190131 0.1589823 -0.06713906 -0.1208401 -0.2141943 0.3251333 0.1109029 0.167158 -0.3123063 0.2734328 0.4478132 0.03479591 0.1759077 -0.3277589 0.01353864 -0.2656394 -0.02541463 -0.5006396 0.2500702 0.4559451 -0.2897641 -0.0489695 -0.06885026 -0.3451025 -0.4425516 0.05437356 -0.1098724 -0.3751612 -0.2044868 -0.03655926 -0.187262 -0.09490449 -0.2616758 0.4359093 -0.3031504 -0.05071221 0.1797597 0.2292723 0.08176675 -0.04443536 -0.3245075 0.2039002 0.06292184 0.3517462 
-0.3862883 0.2780634 0.05687596 -0.3743706 -0.2190902 0.07248069 -0.4617063 0.05284322 -0.1927339 0.3664531 -0.08462571 0.5740383 -0.007565115 -0.00591727 -0.3816226 0.2788721 -0.3309867 0.3944225 -0.4123934 0.2425949 -0.0386737 -0.2681044 0.3995009 0.3148815 -0.4024072 0.312227 0.1327478 -0.0997033 0.3013215 -0.4774527 0.3835992 0.1202433 -0.482644 0.2954999 0.2149639 -0.518602 -0.3542215 0.4257616 0.5194239 0.02337222 -0.1079214 -0.1192585 -0.2965239 -0.0008712481 -0.03621118 0.4329078 0.0130387 0.3363366 0.1891528 0.2746903 
0.2641181 0.2685947 -0.4909303 -0.1062605 0.4850511 -0.007618541 0.2300775 0.3304386 -0.2421368 -0.2501662 0.04756004 -0.2552581 0.08328134 0.2471111 -0.1842585 0.4037593 0.07742023 0.3476937 -0.3558227 -0.4038908 -0.2592191 -0.2243589 -0.1944534 -0.2208006 0.4934613 0.2220801 -0.2629683 0.03426101 0.3554073 0.1216074 -0.4099562 0.3603315 -0.3902018 0.0007314828 0.1084917 0.1557319 0.4553631 -0.3581035 -0.1549261 0.298823 -0.1301924 -0.2258833 0.1972314 0.2858043 -0.3227513 -0.3975966 -0.3548207 -0.4467905 0.1258758 0.1511427 
0.2948738 -0.4544828 0.5120519 0.4726947 0.2223158 0.3769991 0.2098639 0.0437815 0.2200217 -0.2598858 0.02058102 0.03720998 -0.04740763 -0.03672296 0.3377286 -0.2944818 -0.1290316 0.3726088 0.2064214 -0.2831771 0.3049239 0.1940163 -0.3043438 -0.03101041 -0.06275382 -0.2635315 -0.2308547 -0.1906331 0.03983901 -0.5198516 -0.3618265 0.14317 0.2419097 0.1539762 -0.3902896 0.03980347 -0.03122562 0.143638 0.1091599 -0.05318936 -0.1606037 -0.394459 -0.001936973 -0.3644591 -0.4863894 0.2368657 -0.4713082 -0.2344156 -0.1657125 0.4695415 
0.2803895 0.2675169 -0.06439899 0.08491448 0.0900794 -0.2923434 -0.2657085 -0.06279638 0.3544245 -0.2517633 -0.05048969 -0.4246257 0.4038753 -0.3268847 0.4650016 0.006270865 -0.5216367 -0.2571866 -0.1137014 -0.5559313 -0.2837444 -0.4424214 0.1064848 0.2646516 -0.05924902 -0.4965135 -0.3481654 0.1268031 0.4298446 -0.1004307 0.4309007 0.3430389 0.04414238 -0.1532387 0.04057564 -0.4075802 0.09913865 -0.1074914 0.1465224 0.1715532 -0.04688866 -0.2956016 -0.3279481 0.04621601 -0.3052951 -0.3198108 0.1427552 0.333175 0.1800168 -0.4318839 
0.09756164 -0.03611747 -0.1882622 -0.4855051 -0.4955683 0.4418289 -0.2118807 -0.3459671 -0.435875 -0.04141132 -0.006160933 0.3155759 0.2082962 -0.3830688 0.1351694 -0.2346896 0.3582326 -0.02792271 -0.3973445 0.2673913 0.3093638 -0.2231966 0.02699687 -0.05527322 0.01902329 0.2061553 0.3291537 0.008360039 0.1821527 -0.1364233 0.2000495 0.4893293 -0.03359984 0.026108 0.2888292 -0.3587781 -0.2961628 -0.1026243 0.2075416 -0.2636721 -0.2755845 -0.3021895 -0.1621914 0.4606989 0.4130191 -0.2679371 0.0980479 0.2233634 0.4823807 0.01954604 
-0.07332629 -0.4291913 -0.4155205 -0.1663433 -0.1926949 0.1206319 -0.4931175 0.325785 -0.2852636 0.3409984 0.2520722 0.3800189 -0.02763585 0.3787745 -0.2350081 -0.2079965 -0.0532452 0.2446811 -0.3406471 -0.07841366 0.2127621 -0.384935 -0.004041647 0.08002048 -0.2070748 0.2549398 -0.3061516 -0.303061 -0.3582383 0.4182294 0.2238699 0.454528 -0.1852367 0.3604863 0.1624763 0.3078812 -0.003426426 0.1078097 -0.2452111 0.04911221 0.2381935 -0.05328938 -0.2773498 -0.242851 0.01668564 -0.4062027 0.2044028 0.285278 0.1218411 -0.3270703 
-0.4239407 -0.05365178 0.1110178 -0.4052547 0.2472428 -0.07114461 0.3035163 -0.3293777 0.202362 0.08525685 -0.3907984 -0.1274185 0.1198247 0.1321923 -0.4085697 -0.1157646 0.1579685 -0.2064621 -0.2326906 -0.4150574 0.01600892 0.1967112 -0.4501802 -0.5307278 -0.1681273 -0.1185335 0.0387057 -0.1191745 0.3250379 0.3658257 0.5282944 0.5321872 0.0227034 0.1577652 0.3099567 -0.1663626 -0.07960597 0.2085046 0.2372837 -0.1185016 -0.3567457 -0.2984658 -0.238409 -0.416157 0.5261164 -0.4096768 -0.1831741 -0.3420937 0.3208485 -0.305463 
0.01639413 -0.2982391 0.4370783 0.2511867 -0.2787227 -0.4077722 0.2866533 0.4970024 -0.1966479 -0.1057132 -0.4328279 -0.4770681 -0.07008771 -0.08208847 -0.09539143 0.2938799 -0.2970667 -0.08419757 0.2423521 -0.3557774 0.5362699 -0.04360183 -0.08734908 -0.3373227 0.05551292 -0.2588472 0.1275145 -0.1708728 0.2966904 -0.2706149 -0.1482944 0.02571986 -0.3573059 -0.193353 0.2033855 0.4177945 -0.008811085 -0.352109 -0.2216619 0.3268584 -0.3315004 0.4592333 -0.4338038 0.2899486 -0.1950194 0.08798309 0.4166829 -0.3024826 0.08562119 0.2852993 
-0.1288301 -0.4265513 -0.1951011 -0.005565923 0.3739527 0.5708783 -0.3403986 0.2540706 -0.4683727 -0.1759261 0.05625357 0.3123313 0.1283502 -0.3185811 -0.2307632 -0.2552546 -0.585838 0.1355454 0.4306149 0.04360955 -0.475351 0.4176674 0.5299718 0.5253907 0.2099207 0.3595458 -0.3397348 0.40222 -0.2035982 0.1331388 -0.4115531 0.3975122 -0.2393829 0.08114894 0.2622779 0.2047477 0.2448129 0.08659032 -0.5180699 0.004843677 0.2008243 0.4151051 -0.2978161 0.005791456 0.3517417 -0.2823256 0.5702322 -0.3489545 -0.3838032 0.07818247 
#
0.01066357 -0.3781151 0.1990579 0.2693161 0.2661982 -0.27947 0.5041514 0.1398535 0.2511068 -0.451867 -0.3193161 -0.1352496 -0.04346561 -0.08051386 -0.02557348 0.4298382 0.0527665 -0.01694623 -0.08737578 0.6896685 -0.3269057 -0.380256 -0.0138381 -0.1475142 -0.3497019 0.2319461 -0.2743053 0.4643654 -0.08906407 -0.2813458 -0.4231807 -0.1722016 -0.5683814 -0.446201 0.07576016 0.2320759 0.08622342 0.2624725 -0.3543784 -0.5247488 -0.1211894 0.08464201 -0.508871 -0.4372902 -0.1197739 0.3206328 -0.2211918 0.0698252 -0.4344397 0.6252854 
-0.291251 -0.44509 0.4397859 -0.1421303 0.01540232 -0.0889151 -0.6982766 0.2428691 -0.2172486 0.4610486 -0.3814267 -0.2647178 0.2891362 0.2526881 0.5455824 -0.1784264 -0.3127177 0.09506195 -0.3103282 0.1365936 0.1185438 0.131447 -0.04807486 -0.08967711 0.6380386 -0.09822163 -0.1906517 0.02215062 0.3305089 -0.4600636 0.6750753 -0.1397832 0.3390663 0.04771764 -0.3271948 0.5313067 -0.1920506 0.1307464 -0.382824 0.1585596 -0.2220802 0.3572741 0.1656985 -0.03648475 0.4562273 -0.03189635 -0.2076491 0.156655 -0.4629942 -0.3622812 
#
##### Level: 4  Time: 3.644 #####
##### 2018/12/2 19:30:46 ##### Type: Tanh
