##### 2018/12/2 18:28:26 ##### Type: Tanh
0.2820237 1.368609 3.759281 0.4593994 -2.491461 -1.202633 0.1972957 
-0.4503532 1.768641 3.834014 -0.08799696 -2.225375 -0.9008093 -0.02072285 
0.07331628 -0.4049541 -1.054415 2.241665 3.263731 1.37011 0.480733 
0.4453741 1.428692 2.454556 -0.8720341 0.3840968 -0.5856514 0.6151237 
-0.006747676 2.798513 6.289237 0.09324268 -3.293981 -2.032691 0.6749779 
0.8551864 4.126643 8.605692 -1.353144 -2.706739 -3.063462 0.2788562 
0.3332626 4.761294 8.59994 -0.8001897 -3.550206 -2.004107 0.5852324 
0.1297657 3.798257 6.501197 -1.147838 -1.346793 -0.9552009 0.9148422 
0.5111325 -1.230306 -3.343749 1.580409 4.006948 2.312197 0.4062308 
1.057858 0.1477199 -1.080211 1.252412 2.350949 0.8168369 1.042389 
0.226074 -1.272342 -2.751958 2.779335 3.864392 2.587314 0.7629044 
-0.142028 -1.770864 -3.368992 1.637313 4.691479 2.653813 0.4705118 
-0.293023 1.202704 3.1097 -5.388577 -0.2146499 -0.7865366 -0.7037886 
-0.04754122 -0.05360971 0.7719652 0.7004998 -0.2651449 0.1031891 0.1416167 
1.151733 -2.408681 -5.457752 3.017751 5.925782 4.136673 -0.08404606 
0.5113255 -1.450042 -3.061863 1.982356 2.944412 1.598491 0.7045321 
0.9503139 2.204316 6.179541 0.1588133 -3.498511 -1.750374 0.6011232 
0.7889859 2.742172 4.985532 -0.1228204 -1.402448 -1.785575 0.1719501 
0.3160718 -0.6209528 -1.335393 1.506871 2.503834 1.257529 -0.2553033 
0.1318914 3.535064 6.752326 -1.02825 -3.16406 -2.174372 0.7099842 
1.008879 3.166648 7.236832 -0.3521101 -3.501439 -2.405585 0.515906 
0.7191958 -2.819001 -6.422535 3.736724 7.65381 3.920657 0.3096354 
0.8887538 3.624361 7.209537 -0.7590611 -4.058711 -2.016824 0.3253226 
0.5101968 -1.583786 -2.564198 0.9009852 3.75033 2.409019 0.2429097 
-0.003629191 1.06812 0.8818775 2.19894 2.139499 1.370688 0.5514333 
0.6778435 -1.751437 -2.986807 3.891128 1.355651 2.551141 0.1660113 
-0.01995458 -1.547894 -2.24691 1.103147 2.950783 1.820251 0.4144298 
0.07663775 2.511781 5.126211 -0.8433211 -1.784195 -2.024177 0.5720063 
0.3048659 -1.163423 -1.838546 1.002546 2.051363 2.35517 -0.2829082 
0.6240613 2.534725 3.150853 0.4624588 1.479965 0.2356219 1.016311 
0.293866 2.823596 5.356397 -1.246009 -0.862857 -1.763442 0.6739588 
-0.6520608 0.730982 0.7396034 0.7749973 2.139178 1.006294 0.1282321 
-0.8961819 -2.348158 -5.429527 -1.353686 1.651152 1.740346 -0.5685318 
0.3553424 -1.989695 -5.12082 4.691794 4.143913 3.486109 -0.2224804 
0.6060525 -2.094045 -5.859785 3.648455 5.759901 3.385589 0.8243566 
0.725127 4.970669 9.128104 0.137183 -2.969107 -2.720148 0.7916291 
-0.5166651 -1.569524 -1.222876 -2.263698 -1.016443 -0.7729118 -0.2926769 
0.1558286 1.594445 2.55365 -1.772723 -0.01906579 -1.287983 0.5702854 
-0.1793546 2.524918 3.962607 -0.8498452 -1.012991 -0.8545493 0.4183275 
-0.2717051 0.5405846 1.04853 -2.546177 -0.2353367 -0.704107 0.1110033 
0.5058582 4.931216 7.550319 -1.985294 -0.793999 -2.222627 1.483956 
0.8553312 -2.528539 -5.857726 3.588965 5.707612 4.087071 0.1453549 
-0.2140507 2.084932 2.259712 0.132629 0.9484881 0.0025182 0.9747607 
0.5917094 -0.9966621 -1.988859 0.839356 2.43686 1.944187 0.2962976 
0.3278025 1.844539 2.389111 -0.8863176 0.2369641 -0.8023761 0.94375 
0.1951061 2.054332 3.315116 0.2289099 -0.670462 -0.07126734 0.480293 
0.5572325 -1.107204 -2.271803 1.471396 2.532777 2.240902 -0.2191695 
-1.330339 -1.285578 -1.952052 -0.3923185 0.6386929 0.1715029 -0.6624111 
0.1341434 -1.807469 -3.602835 3.354505 4.880058 3.723952 0.1436476 
-0.0509556 -1.34729 -3.344863 4.148041 3.33754 2.732117 -0.213092 
#
-0.1963973 0.2343828 -0.3960925 0.378101 -0.3385712 0.4106108 0.3639581 -0.3526576 0.206582 -0.4851536 -0.5108699 -0.4137155 -0.1665106 0.4377774 -0.1563864 -0.420063 0.3719586 -0.07128153 -0.214052 -0.4058383 0.06208023 -0.2693266 -0.303467 -0.3146403 -0.4637834 -0.4525871 -0.09662935 0.3369855 0.2585602 0.1451765 0.1988177 -0.461425 0.08624277 -0.2690921 0.3990916 -0.283699 -0.1152423 0.1554628 -0.4616479 -0.2335132 -0.210969 0.1868233 -0.2127415 -0.3675944 0.3287734 -0.1912925 0.2100514 0.4897942 -0.4660161 -0.445639 
-0.08722366 0.5310957 0.1408885 -0.398667 0.04819348 -0.2023915 -0.2630283 0.4640479 0.485162 -0.4119476 0.1176098 -0.07782476 -0.2477306 0.08104888 0.3680736 -0.1692742 0.2700745 -0.1662342 -0.2421305 -0.3981519 -0.05287553 0.4269067 -0.08872733 -0.2175948 0.3680227 0.2198986 0.2344569 -0.2518792 0.3744841 0.4481773 0.3545389 0.1425715 0.3360636 0.4283156 -0.291537 -0.1624473 0.4920296 0.4398766 0.07981185 0.09076411 -0.1635382 -0.349135 0.02637426 -0.6006274 0.162491 -0.001132757 -0.03677385 -0.3725195 -0.07544091 -0.1511443 
0.02940681 -0.02771313 -0.4105707 -0.2918703 -0.3627561 0.2551712 -0.464473 0.2216525 0.3934104 -0.5031852 -0.2695188 -0.322236 -0.1646641 -0.23552 0.09987326 -0.06179078 0.3757133 -0.4671126 0.2685581 -0.1491361 0.3902445 0.2335209 0.3501344 0.5036017 -0.1029385 0.4281151 0.3194708 -0.4204841 -0.4613357 0.3988577 -0.05354846 -0.5393689 -0.09269023 0.2273515 0.07398946 0.2178612 -0.2714102 0.12498 -0.3168566 0.3105263 -0.2132477 0.3971252 -0.3868381 -0.4839506 0.1410488 0.2384772 -0.1585728 0.03568764 0.1039033 0.3185682 
0.1646499 -0.2015035 -0.3484961 -0.03569588 0.2484554 0.1451852 -0.2984207 -0.06040862 0.1308471 -0.04814472 0.1627503 -0.06028263 0.02392867 -0.3280073 0.1755705 -0.1406731 -0.3736405 -0.2631473 0.02031887 0.2975596 -0.237981 -0.09904166 0.07253976 0.4397524 0.2982729 0.1214792 -0.02180081 -0.01354814 -0.3103575 0.3333751 0.3230208 -0.1535172 -0.05226183 0.03142562 -0.2506703 -0.400079 -0.05779895 -0.1886648 -0.4772437 -0.3288275 0.2195769 0.4117546 -0.3526565 -0.05900101 0.06614253 0.4835622 -0.2328999 -0.3461071 -0.1354821 -0.4265634 
-0.2112847 0.2596488 -0.1829864 0.3751872 -0.3559806 -0.2075244 0.3187783 0.1769165 -0.3199916 0.2497765 -0.340649 0.4793933 0.02026497 0.03773731 0.2968138 0.223581 -0.2106571 -0.4267912 0.1090766 0.2091497 -0.4358495 0.4014853 0.4364487 -0.02381845 0.1318937 0.01572932 -0.3765933 0.291671 0.393517 0.07014809 0.3868684 0.546831 -0.2583528 0.05569632 0.1936323 0.3437962 0.3867344 0.4748856 0.3120437 0.0191105 0.3000588 -0.02651905 0.2588287 -0.265405 -0.3793146 0.3812919 -0.4673755 0.1617299 0.4740741 -0.3483987 
0.1716687 0.04069886 -0.304786 0.2723681 -0.4347536 -0.2437217 -0.1363514 0.1967366 -0.4201027 -0.3383764 -0.2073242 0.1856225 0.2783068 0.04922988 0.378828 0.1859791 -0.3169024 -0.4005306 -0.2319216 -0.5142782 0.114388 0.120032 -0.4623686 -0.03282504 0.3433523 -0.05752752 0.1941137 -0.4932871 -0.2824242 -0.3519002 0.4707336 -0.200105 0.2649366 0.08095913 -0.4951414 -0.4068705 -0.2884735 0.1839338 0.004250103 -0.4103923 -0.09490757 0.2573969 0.05085425 0.2479634 0.3020877 -0.4364651 -0.01414258 -0.199038 -0.2123692 0.07037726 
-0.2472867 0.5036291 -0.05885354 0.2515889 -0.3417714 -0.01173892 0.453507 0.1811297 0.2020511 -0.4501668 -0.2987184 0.3149692 -0.2795794 -0.3747706 0.0865132 0.0321097 -0.3007764 -0.3984889 0.2750078 0.3016427 -0.1023551 -0.5570983 0.3557437 0.1613616 0.3579018 0.1655467 -0.4586535 -0.008299863 -0.2414619 0.01456802 0.1562539 0.4715884 -0.2195274 -0.2980515 -0.5010449 -0.3117218 -0.3012453 0.194242 0.5051956 -0.03330385 0.5305492 -0.5158186 0.4188086 0.3318328 0.1942632 0.0635429 0.2493009 0.3882555 0.4095289 -0.3855189 
0.4825428 0.2860996 0.3559896 0.3158292 -0.411645 -0.246712 0.1208143 -0.3251168 0.1759919 0.4384661 -0.30304 -0.1548634 0.1683028 -0.2560603 -0.4433122 -0.34473 0.3420126 -0.2201574 -0.05842807 -0.3606744 0.130314 -0.2609822 -0.3482385 0.1262575 0.2497555 -0.003003235 -0.3182949 0.4271652 0.06532095 0.04731426 -0.4193828 0.4318304 0.3291503 -0.1651285 -0.2365419 -0.3857956 -0.1491628 0.4966755 -0.3653954 0.3819702 -0.3412897 0.3993495 -0.4193734 0.3081457 0.1820131 0.190374 0.3677623 -0.208374 -0.4642798 -0.4008579 
-0.1639121 0.4144236 -0.1652592 -0.1389643 -0.4381521 -0.5066742 -0.3966926 0.06389703 0.160128 0.4690857 0.4925306 0.1878232 -0.4391543 0.3626603 0.30708 -0.08682753 -0.2087799 0.3596888 0.07141038 -0.2047206 -0.1578888 0.287847 -0.2171641 -0.06472859 0.3116378 0.2979731 0.4737694 0.3985596 0.1902094 0.3042588 -0.2238447 0.1869072 -0.149583 0.1828632 0.1458326 -0.0354978 0.3842172 0.3233696 0.1535884 0.4467414 0.3757384 -0.004247174 -0.02016192 0.3501545 0.01865006 0.1288783 0.2077596 0.2194399 -0.39792 -0.4488065 
0.2877854 0.5104121 0.09714573 -0.2454158 0.1588979 0.1923222 0.03328191 0.1287919 0.1566519 0.07634204 -0.4507714 -0.4036466 0.3541694 0.1103074 -0.5378159 -0.04626544 -0.2644258 -0.296175 -0.2717997 -0.3713831 0.1764726 -0.04305802 0.2481855 -0.01438736 0.008015462 -0.2331181 -0.5227467 0.508867 0.08394209 -0.4809162 -0.230152 -0.2630482 -0.3075479 0.4262817 0.1103729 -0.1989412 0.2623439 0.3601279 0.101343 -0.3912985 -0.262876 0.1694012 0.1334277 0.006231443 -0.178984 -0.158084 0.1613861 0.4109031 -0.2317818 -0.3397354 
0.06709637 0.109669 -0.3837893 -0.489161 0.3172018 -0.001175233 0.3284669 0.1185457 0.1407042 -0.09302132 0.5010584 0.2844647 -0.422192 0.07574621 -0.08176357 -0.1370707 -0.07134163 -0.1096433 -0.1591187 0.1493454 0.2788359 -0.2406162 0.3932585 -0.4613522 0.06129355 -0.5247123 -0.1539077 0.1697933 0.1925591 -0.482798 0.002216115 -0.1557752 -0.1384933 -0.2573242 -0.3849241 -0.1144906 -0.2168877 0.03718061 0.06008021 -0.1982503 0.2620204 -0.1609302 -0.05016711 0.4423265 -0.2624993 0.4070056 0.2072183 0.1540793 0.3815424 -0.2072915 
0.5937798 0.4998202 -0.2833296 -0.2642471 0.2645887 -0.3073448 -0.20184 0.3788421 0.429 -0.06578223 -0.2430255 -0.1731821 -0.4803728 -0.1963713 0.08424891 0.05826848 -0.1247296 -0.392188 -0.1348177 0.05106778 0.092308 0.2862337 0.05102711 -0.4375929 0.18675 0.3038647 -0.4320377 0.2379305 -0.2183596 -0.1089367 0.302035 0.06356518 0.3043844 -0.2285272 0.2760921 -0.3415532 -0.1599098 -0.4029613 0.1336841 -0.09227698 -0.3863944 -0.3292088 -0.3463047 -0.3612245 0.1891131 0.4528093 0.3362532 -0.09310079 -0.2141103 -0.09072003 
0.3201014 -0.4102021 -0.2327143 -0.01078299 0.06298144 -0.1197916 -0.3223633 0.41359 -0.03546584 0.07249667 0.368789 -0.2329137 -0.2259843 -0.01061116 -0.1978103 -0.3717043 -0.3317353 0.3955249 0.08538991 0.1277094 0.3003179 0.4105697 0.2758237 0.4588699 0.09365064 -0.03614035 0.08306018 -0.5254344 -0.05011508 -0.261843 0.1186522 -0.396044 -0.2409148 0.23419 -0.01149641 -0.1338226 -0.1637059 -0.2622989 0.4637784 0.1956124 0.4058937 -0.1069819 -0.1003503 0.4459717 0.07798907 -0.3154974 -0.1275795 -0.2728314 -0.01044497 -0.2481637 
-0.1390862 0.258973 0.4355722 -0.5461045 0.220395 0.1855746 0.3430189 -0.03366766 -0.4879276 -0.4209143 -0.400776 0.4355986 0.4714203 0.1976136 0.1558824 -0.008077491 0.2952597 -0.2883568 0.3878285 -0.4412181 0.1962238 -0.5184801 -0.1237384 -0.2188251 -0.2811733 -0.5121379 0.3811311 0.1942903 -0.2958375 0.3216621 0.04466936 -0.520112 0.5103789 -0.2093734 -0.3167466 0.1191138 -0.2580471 -0.04075549 -0.4455125 0.5214114 -0.02117964 -0.4794388 -0.2112932 0.3048055 0.3452388 0.4046878 0.3872038 -0.338191 0.1481488 0.07571843 
-0.1631545 0.1653661 0.5740244 0.2306286 0.2990323 -0.04918529 0.4205872 0.2635992 0.3790738 -0.3606856 0.12265 -0.00864666 0.006331248 -0.3763072 0.1164531 -0.4839145 0.2247189 -0.3870892 0.4241003 0.2752069 0.1195674 0.2526551 0.2111642 -0.1597025 0.4247209 -0.3597586 -0.5934494 0.3741621 0.1537183 0.5168716 -0.2219853 -0.1268177 0.3151192 -0.3771941 -0.1287697 -0.2501723 0.01032279 0.5886339 0.2429462 -0.4850629 -0.328865 -0.3803389 0.2008322 -0.07601987 0.05152637 0.3614993 -0.1723701 0.4157729 -0.3754649 0.2981184 
0.5567777 -0.3264128 -0.06726836 0.2779067 -0.09971634 0.5613547 0.1918461 0.4049516 -0.2959134 0.03180171 0.2394809 0.3336189 -0.4632842 0.2844168 -0.5680475 -0.2052114 0.3642885 0.4997265 0.03939553 0.4556157 0.2263464 0.01922147 0.5397946 -0.4649335 0.2289235 -0.2261829 -0.3094571 0.3791414 0.336931 0.336378 0.1468136 -0.4021161 0.03293437 -0.5000242 -0.3774515 -0.1387228 -0.2106124 -0.2616293 -0.413458 0.3897375 -0.1058483 0.03125047 -0.07520278 0.2634636 -0.06470079 -0.09236247 -0.5092097 -0.003809138 0.1717974 -0.4537823 
-0.1239904 0.07249021 -0.4939618 -0.3081787 -0.3462962 0.2723824 0.1198286 -0.1831114 0.093844 -0.5457941 0.1902868 -0.01746233 0.3100232 -0.1791032 -0.2982416 -0.4101686 -0.08035512 -0.3489332 -0.1342581 0.09061247 -0.2564321 -0.1983209 -0.2442024 -0.06109117 -0.1046521 -0.4498875 0.1050752 0.1829959 0.3848692 0.3532764 0.2273745 0.4375303 -0.2060723 0.4039055 -0.383538 -0.5000773 -0.2141334 -0.3014845 0.3225171 -0.4291095 0.384457 -0.4229034 0.1906698 -0.1049326 0.1460526 -0.5233332 -0.1378085 0.5059595 -0.1269811 -0.2295442 
0.1485357 -0.1455073 0.08559162 0.2131155 -0.1981469 -0.1849204 -0.242269 -0.4855665 -0.2966695 -0.4801323 0.04554509 -0.04040455 -0.04131913 -0.02083011 -0.2913928 0.2438308 0.2108637 -0.2711647 0.1365454 -0.3800786 0.164538 0.1020136 0.2137224 -0.3294068 0.2174715 0.3601248 0.3114239 -0.1890652 -0.362777 -0.5557532 0.1214443 -0.1041305 0.1806148 0.236893 -0.1232123 -0.3653275 0.1168938 0.08828782 0.2640986 0.06294239 -0.5630082 0.4260637 -0.09128204 0.02705976 -0.5246903 -0.1148323 -0.05750506 0.2526385 0.1316931 0.3720702 
-0.27687 0.4388965 0.3500196 -0.2240927 -0.07198202 -0.1816555 0.2866299 0.357459 -0.1252305 -0.4403727 0.3555627 0.04190099 -0.2968331 0.1043825 0.422038 0.09838822 0.4846262 0.2418279 -0.3148789 0.23984 -0.1282322 -0.3998081 0.2472536 0.2171361 0.2692045 0.3192339 0.1704809 -0.07207287 0.04764112 -0.1104899 0.5930043 0.1921968 -0.4527009 0.3442158 -0.4561092 -0.3336981 -0.2492865 0.6341071 0.1235373 0.1814036 -0.354569 0.1376415 -0.1226203 -0.3598143 -0.4400502 -0.5369206 -0.296523 0.2392728 0.3066998 -0.153041 
0.221294 0.2682909 -0.5462772 -0.3434171 0.3068522 -0.01094141 0.2963711 -0.5131642 -0.3206529 -0.248147 -0.4527106 0.295455 -0.2635591 0.3444909 0.425269 -0.31754 -0.3657739 -0.5224004 -0.003058608 0.4046775 0.06310827 -0.1787892 0.3630382 0.337767 0.183839 0.1510542 -0.1793673 0.02030341 0.3795664 -0.2787935 -0.4917293 -0.02984531 -0.2134033 -0.2784426 -0.2034889 -0.4124002 0.03287705 -0.3310028 0.38893 0.4718446 -0.5015112 -0.3749451 -0.164547 0.11258 -0.5693263 0.397011 0.3772692 0.1446131 -0.0369901 -0.1259402 
0.3211707 0.03587165 0.3202269 0.09916129 -0.1344367 -0.05718964 -0.01255477 0.2608849 0.3141578 0.3283854 -0.4716397 0.187966 -0.4519834 -0.1082433 -0.2015755 0.4048039 -0.02359614 -0.008352425 0.3200635 0.5163583 -0.02906741 -0.01940964 0.08742278 -0.4036227 -0.3927279 -0.4509502 -0.06854644 -0.117273 -0.04553987 -0.1661454 -0.2321246 -0.08746792 0.2377902 -0.4485199 -0.308342 -0.1509225 -0.1093147 0.5078642 0.3899182 -0.06466396 0.2152013 -0.4373343 -0.1719008 0.5155756 0.002539903 -0.05579641 0.01202922 -0.2697076 0.1384447 0.3818174 
-0.03165625 -0.07040045 -0.4164503 -0.3842185 -0.2797859 -0.07658068 0.2357538 0.2175609 -0.1403319 -0.4566765 0.4342323 0.05538345 0.3266746 -0.04768736 -0.3958682 0.4441399 -0.0961616 -0.3531803 0.3976305 0.4024643 -0.1227822 -0.3476256 0.3198252 0.422276 -0.01344764 -0.4940902 -0.04794825 -0.04038434 0.3828431 0.1685591 -0.09256062 0.1721052 0.4759619 -0.09723379 -0.150345 0.0991139 0.01893823 -0.1675771 0.4192874 -0.2218693 0.4983066 -0.2350028 0.4351377 0.5381631 -0.3935219 -0.06428283 -0.2872642 -0.1034518 -0.09940355 -0.1640139 
-0.3796525 -0.2235606 -0.2077731 0.4680592 0.04825466 0.3432712 -0.02021546 0.191026 0.0871767 0.1740538 0.2891125 -0.1318692 0.2727824 -0.3445045 -0.6479044 -0.04398945 0.2446708 0.4712743 -0.1808469 0.3077244 0.3349138 0.2660066 0.3270664 -0.07434487 0.3792851 -0.4081895 0.1780847 0.5350434 -0.2754343 0.2596889 0.3278934 0.2539345 0.203881 -0.4188433 0.1742241 0.5043579 0.3259476 0.5728585 -0.1159666 0.1850575 0.5817621 0.03897715 0.4053061 -0.1884569 0.201833 0.484103 -0.1150529 -0.1652766 -0.4368239 0.2029779 
0.1836406 -0.1106793 0.4510995 0.1409635 0.2440477 -0.2262491 -0.05044447 -0.4034832 -0.4780918 0.07285889 0.3274516 0.04391683 -0.2118525 -0.4508085 0.0753314 -0.4162072 0.07355296 0.03094539 0.03848962 -0.3402924 -0.3617835 -0.4126804 0.3214455 -0.00372516 -0.5094502 -0.2405694 0.3955871 -0.4990945 0.2031148 0.0931813 0.4017035 0.1420164 0.3074076 0.1773793 0.3033202 -0.4822162 -0.04077882 0.2334526 0.0354264 0.1157032 -0.103598 -0.2636587 -0.2739296 -0.2782208 0.1114185 0.2415176 0.3045336 -0.1449048 -0.3379868 -0.3852472 
-0.6052234 -0.1014724 0.09445765 -0.1392734 -0.575913 0.4118265 -0.02756033 -0.3828041 0.327201 0.2555968 0.255188 0.2522031 0.08118751 -0.09099671 -0.2200027 0.1047641 -0.2903916 -0.4997891 -0.08433817 0.3157577 -0.339224 -0.296876 -0.3140199 -0.1255515 -0.5369393 0.08561002 0.1704269 -0.284705 0.09807286 -0.5259025 0.1982619 0.1618488 -0.2020336 -0.4764971 0.3372293 -0.5920301 -0.3027646 -0.2591964 -0.05564084 -0.04614077 0.1189285 -0.07903574 -0.3985632 0.206263 -0.2109735 -0.377959 -0.384017 0.4406146 -0.3589787 -0.507324 
-0.2745382 0.2031518 0.2239972 -0.3178343 -0.0799535 -0.1939654 -0.1586023 0.154026 0.03193065 0.5244836 0.3024775 -0.2472339 0.16876 0.07392002 -0.5445442 -0.2036258 0.2339179 0.464614 -0.3687173 -0.4618183 0.09924126 -0.09187669 0.3629614 -0.09713104 0.1962399 0.1556368 -0.05759262 -0.2546104 0.4127856 0.3177488 -0.126595 0.4692228 0.1325597 0.00425444 -0.3556415 0.06349649 -0.5619394 0.3864878 0.5088207 -0.02868909 -0.01910816 -0.391446 -0.3721403 0.04027385 0.4356769 -0.2597761 0.07771854 0.1483808 0.5049472 0.07364709 
0.2163556 0.3293557 0.3361576 -0.09672087 0.190673 -0.2390015 0.3628991 -0.3604797 0.3618501 0.4179054 -0.3196309 -0.02932023 0.0666618 -0.3597008 0.05871273 0.1254619 -0.3229575 -0.3059467 0.06989957 0.3418187 0.2753954 0.3633267 0.4043156 0.01494775 -0.3069924 0.1219619 0.1563551 -0.1397952 0.1235101 -0.1811656 0.3370732 -0.3273396 -0.1627534 -0.5244551 -0.02440878 0.2445522 -0.2066433 0.07994515 0.4066615 0.09574685 -0.153646 0.342461 -0.3968212 -0.3432808 0.2444474 -0.09493834 -0.2052392 0.06558834 -0.2501953 -0.4051319 
0.08436179 -0.2786068 -0.4571558 0.112201 0.2922694 0.009859379 0.02301159 0.3630508 0.4925476 -0.5553452 0.4861488 -0.1010962 -0.353656 -0.1610086 0.1954469 -0.0729241 -0.1443495 -0.002747456 -0.0377463 -0.3927733 -0.05704398 0.1884077 0.4312407 0.05050091 -0.2850422 0.05546197 0.4333766 -0.2177606 0.2594962 0.1915337 -0.3919554 0.1763837 -0.02953657 0.1641167 -0.07378329 -0.1397327 -0.4906276 0.3218667 -0.1279881 -0.3220076 -0.1197863 0.3235522 -0.4869495 0.2838117 -0.404685 0.1963615 0.5349835 0.2066378 0.4072386 -0.3649445 
0.3182181 0.4642933 0.3801217 0.08548833 0.5305423 0.5202404 0.4018224 -0.09480577 -0.3973949 -0.1148243 0.04518197 0.1081348 0.01085246 0.2142528 0.006751579 -0.4900182 -0.05136178 -0.1193047 -0.274943 0.6155906 -0.0231968 -0.01859066 0.3328244 -0.2872783 0.01763381 -0.1643034 -0.05574116 -0.07274465 -0.1413386 -0.1714425 0.4429629 -0.0712435 -0.4445879 -0.3747166 -0.3859516 0.08498439 -0.2044963 0.3645216 0.5465302 -0.4494505 0.4558783 -0.0787891 0.2000206 -0.1669683 0.2598596 0.2003415 -0.7037461 0.1976377 -0.2683529 0.08719647 
-0.4763902 0.02593188 -0.2893518 -0.0005496275 -0.1200988 -0.2668022 0.4001839 0.1106241 -0.1104347 -0.06419656 0.206426 -0.3601515 -0.09531578 -0.4527675 0.009603497 0.4119798 0.373244 -0.4871438 -0.4512261 0.5086572 -0.33108 0.1855042 -0.3824688 0.03732964 0.3682379 0.3704679 -0.01044334 -0.3635212 0.4852501 -0.2246246 0.03156932 -0.453509 -0.4833601 -0.4217457 0.1485253 0.1175772 -0.4440121 0.3887307 0.2175529 -0.2963088 0.09250414 -0.2766296 0.1291644 -0.4645531 0.43052 -0.2369188 0.009410501 -0.3362278 0.06926308 0.3578275 
-0.3141543 0.404341 0.1969155 0.5124952 -0.435061 0.4505863 0.04176049 -0.3466252 0.3797273 0.2511153 -0.311814 0.4551309 0.4161569 -0.3474168 0.2909418 -0.0307527 -0.03399323 -0.1161869 -0.3463322 -0.2851532 -0.05953324 0.2682245 -0.0736138 -0.3277006 0.2899338 -0.2054886 -0.4845471 -0.3827691 0.01015026 0.4604142 -0.1392767 -0.1119503 -0.2465721 -0.2622978 -0.387554 0.1444866 -0.3524628 0.3564299 -0.242597 -0.350139 -0.3191742 0.1302962 0.306529 0.02261517 0.3111245 0.3889452 0.3079178 -0.03469024 -0.2299818 0.1747596 
-0.3486398 -0.2955605 0.2237291 0.2019246 0.0007174808 0.1716438 0.06317606 0.02346858 0.5852218 0.01181455 0.3935124 0.2643271 0.5334938 0.2021634 0.2763964 0.3146631 -0.5355226 -0.1807756 -0.06822374 0.1764536 0.006546396 0.737846 -0.5491459 0.1708687 0.5146724 -0.2588421 -0.1881579 0.2408525 0.3426939 0.5239278 -0.1093515 0.1387937 -0.215342 -0.2298044 -0.2037334 0.07823625 0.05707997 -0.193082 0.1593142 0.1286506 -0.08784916 0.5332912 0.1150062 -0.1150869 -0.1447907 -0.2493377 0.245205 -0.1515929 0.2349566 0.385213 
0.1210989 -0.5814864 0.2456273 -0.2797549 -0.5371378 0.1706545 -0.4437898 -0.08088668 -0.01324141 0.2703013 -0.2050672 -0.4531291 0.2766648 -0.3127388 0.4562653 -0.4839455 -0.4826669 0.02147015 -0.3203342 -0.1484779 -0.591926 0.3407185 0.1976989 0.05300275 -0.3648742 0.1505644 -0.2278439 0.2081059 -0.06194085 -0.356317 0.3748412 0.05775015 -0.1466307 0.3724677 0.09316953 -0.05745053 0.3791057 0.4184175 -0.4408605 -0.2761091 0.01096925 0.3889517 -0.2719098 -0.1749603 0.01464968 0.03871075 0.5702476 0.5099381 -0.4831141 0.3131116 
0.4916644 0.2201909 0.3574236 -0.1545632 0.3253981 -0.4117874 0.245912 0.3934305 0.1867579 -0.03095775 0.4119077 -0.303419 -0.1351439 -0.1741472 -0.2955855 -0.09293711 0.2810695 -0.0351131 0.2549182 -0.1442735 -0.5028753 -0.3355222 -0.01389271 -0.1318455 -0.1215678 -0.221008 0.4803712 -0.06902853 0.2381724 -0.3748888 0.4164203 -0.2160281 -0.3931386 0.4537652 -0.1857373 0.199877 -0.2087565 0.4748247 0.1596216 -0.3241658 0.2291801 -0.1997206 -0.3282171 0.2966253 -0.3714865 -0.1360572 -0.09885169 0.4324108 0.4057295 -0.2579199 
0.1303333 0.05476698 -0.3258708 0.4996971 0.4929072 0.1939046 0.1623004 0.4379495 -0.4849493 -0.3492004 0.3225232 0.3374091 -0.2130391 0.04331846 0.215724 0.08944727 -0.4837179 0.04652556 -0.2719529 0.334028 -0.4836946 0.364192 0.06446439 0.02077166 0.2604632 -0.003925193 -0.4858557 0.0275056 -0.08693073 0.2173224 0.1494388 -0.3610138 -0.1081139 0.1548085 -0.192781 -0.4368115 -0.4459901 0.05620337 -0.2388595 0.2042381 0.2021102 0.2201321 0.2491425 0.2953704 -0.3531066 0.4207104 0.2508499 0.1520913 -0.4076806 0.2043049 
-0.2560168 0.392601 -0.09131521 -0.3398964 0.0009171698 0.001883511 -0.4189729 -0.04577836 0.06414331 0.346471 0.03908794 -0.540158 0.112804 -0.1901924 -0.1530671 -0.4666818 -0.3924989 -0.1254853 -0.2324854 0.3281488 0.3338542 -0.186056 -0.08627502 -0.03793631 -0.07218614 -0.4605244 -0.06926303 -0.193779 0.3711295 -0.367426 -0.1328236 -0.08003999 0.4367341 -0.08806119 -0.5688377 0.07464576 -0.07695629 -0.3286657 -0.3578113 -0.1772172 0.5052199 0.07935486 -0.3993594 -0.07514919 0.4301135 -0.2610227 -0.2018859 -0.2926768 -0.2659091 -0.5898516 
0.04113603 -0.03746384 0.1872247 0.3868752 -0.1191901 0.3568883 -0.4826354 0.4816468 -0.3560154 0.4775033 -0.4733767 -0.5054448 -0.1351372 -0.06598639 0.387605 0.4759385 0.4154094 -0.2496328 -0.1073596 -0.3925353 0.3329667 0.3829392 -0.4018803 -0.1935468 -0.1761623 -0.1023255 0.07009091 0.06195319 -0.395357 0.1647992 -0.3749014 -0.1384257 -0.3776521 0.3977676 -0.449129 -0.2504494 -0.3207336 -0.01523279 0.1242011 -0.4437505 0.1943148 -0.4027118 0.1481621 -0.5274538 -0.1114577 -0.4489359 -0.01874537 0.3700542 -0.5246892 -0.09012827 
0.2172965 0.2703428 -0.5154569 0.08921348 0.3837962 -0.3452558 -0.1808311 0.2431814 0.148222 -0.4766188 0.09893074 -0.001885946 -0.1506378 -0.3754269 -0.3295703 0.2920138 -0.06673285 -0.3123867 -0.5469458 0.4315085 -0.03753842 -0.5976756 -0.2315025 0.3539254 -0.126273 -0.4779135 0.2915176 -0.09091923 -0.1516832 -0.3668349 -0.289114 0.2646773 0.2919818 -0.5372593 -0.5730224 0.04994959 0.4846109 0.5742571 0.1271536 -0.3368427 0.3990416 0.3062934 -0.1184206 0.1850452 0.1479502 0.1348523 0.3238805 0.2245419 0.06845888 -0.2784097 
-0.001859467 -0.1621454 -0.03457361 0.550465 -0.001913316 0.4899016 0.6110914 0.6411105 -0.04496314 -0.09723436 -0.3133453 -0.1484182 -0.1899396 0.250297 -0.5055535 -0.0419175 -0.1548366 0.2246723 0.06621079 0.2428774 0.7302005 -0.02165225 0.3508484 0.1122273 0.286288 -0.3228808 -0.2198834 0.05297472 -0.02842153 0.2155567 -0.1117315 0.5058503 0.217412 -0.5446615 -0.5605108 0.4222031 0.003925912 -0.09129085 0.5199987 -0.3178152 0.2433407 -0.317454 0.0614186 -0.5780574 -0.1330571 -0.1574692 -0.5384525 0.1347934 -0.3747947 -0.200312 
-0.4863643 0.04249601 -0.4828126 -0.4330232 -0.4066256 -0.2401495 -0.2738613 -0.1424131 0.3191275 0.05401107 -0.3420758 0.2057993 -0.3224618 -0.1768209 0.3673838 0.3224475 0.3081556 -0.3998877 -0.1343672 0.3982897 -0.1969214 -0.1694738 -0.02345509 -0.3011787 -0.01262757 -0.1058109 0.1705903 -0.02073491 0.03274018 -0.1835046 -0.4485607 -0.3094671 0.06148926 -0.4627303 -0.1984416 -0.1285674 0.2536332 0.05324854 -0.4038358 -0.201049 0.453728 0.02343858 0.2284229 0.3942159 0.4591286 -0.4160049 0.3249862 -0.2231461 0.007599321 0.226198 
0.06285468 0.346798 -0.3522755 0.2124125 -0.2514857 0.3018848 -0.4510444 0.442401 0.2538205 0.09679796 0.04634587 0.2619846 -0.2633079 0.07076923 0.1174997 0.1508005 0.4750716 -0.3083385 -0.1594323 0.2702564 -0.4767121 0.1135436 0.09918562 0.1622683 -0.1805514 -0.03870528 -0.4036403 0.2302202 0.4210759 0.0967737 -0.1927464 0.05588894 0.3112886 0.3609497 0.2657501 -0.3163458 0.5411347 0.348146 -0.09802791 0.2017164 -0.1458986 -0.04225829 -0.4359285 -0.266931 -0.4291347 -0.2148333 0.3798233 -0.3170039 -0.04016972 -0.03818723 
0.3999546 0.46591 -0.2163863 0.2365511 -0.1683679 0.465241 -0.489622 -0.291503 0.4210281 -0.4915955 0.3132243 -0.3699367 0.0249721 -0.5690887 -0.2309591 -0.4149159 0.06903499 0.3119074 -0.1093218 -0.2088611 0.1692692 0.2670352 0.2112779 0.2655524 0.2089816 -0.522035 -0.2274216 0.14193 -0.3390642 -0.2448089 -0.1128721 0.1892234 0.3416445 0.2865207 0.2247891 -0.4873339 -0.3096454 0.2238225 -0.05511575 0.1703213 0.02817117 -0.4597232 -0.2041902 -0.3291218 0.3980647 -0.07665104 0.1322707 -0.1380542 -0.08931413 -0.4063217 
-0.4084803 -0.3076065 0.344672 -0.4421941 -0.4115275 -0.3376926 -0.3067337 -0.01869498 -0.4625045 -0.2233316 0.3554997 -0.09454407 0.328855 -0.1358529 -0.09599413 0.2188507 0.3098104 -0.2028666 -0.3700939 0.2729043 -0.03608809 -0.1509948 -0.1494289 -0.2284638 -0.3788197 0.03984388 0.5081364 0.2186159 0.2258836 0.139417 0.3906862 0.210945 0.1489782 0.3834317 -0.06131865 0.3950876 0.4715717 0.00855778 -0.1474068 0.5244122 -0.1246765 0.2249387 -0.02170595 0.2614312 -0.2950411 -0.3593051 0.2133096 -0.4153956 -0.4716119 -0.2315573 
0.1035929 0.4285615 -0.03041349 0.3609457 -0.1631245 -0.06178339 0.07775981 0.4409212 0.09622599 -0.2236293 -0.3082776 0.2812164 -0.3538293 -0.3964816 0.4441657 -0.3269247 0.4851534 -0.4096488 -0.3083246 -0.1397096 -0.4531036 0.2370256 -0.2012254 0.3464662 -0.2528732 0.1242333 0.5330001 0.02062817 -0.4743362 0.2649344 -0.5488076 -0.43888 -0.3582824 0.02554415 -0.04110079 -0.5052019 0.09361263 -0.08574481 0.5274737 -0.1481333 0.5923448 0.3811444 -0.2481852 -0.4014086 0.5150045 0.1300413 0.09559485 0.13622 -0.01913762 0.09112676 
-0.3177059 -0.3058374 -0.4263847 -0.2118772 -0.2262691 -0.0430583 0.2368344 0.4142481 -0.1024421 -0.2279545 0.2595156 -0.4651861 0.4956539 -0.3532404 -0.2479347 -0.2049575 -0.03216054 -0.4334599 -0.3385291 -0.1954871 0.006937372 -0.2079144 0.003806826 0.08354877 -0.4060094 0.3346572 0.17552 0.3993398 0.05858802 0.2554373 0.2400072 -0.4540051 -0.3527249 0.25248 0.4656008 -0.5270782 -0.3161526 0.4071955 -0.2175753 -0.2886279 -0.1174352 0.04983054 -0.145986 0.1605694 0.2144048 0.1782097 -0.02865775 0.2096507 0.4525231 -0.3230827 
0.468009 0.08286886 -0.4333922 0.2130875 0.3039682 -0.3076779 -0.3788775 -0.1901272 -0.1934927 -0.2419177 -0.1334744 0.3148692 0.0559197 -0.3273616 0.2705807 -0.2595437 0.1631239 -0.2418296 -0.110125 0.09696449 0.3820252 0.3632813 -0.4207696 -0.5163156 -0.2055763 0.4956088 -0.2311184 0.2554442 0.256685 0.3785937 0.1637537 -0.2398685 0.149036 -0.200296 -0.1169383 0.4302869 -0.04826261 0.4251087 0.4494962 0.2630745 -0.186908 0.3185911 0.01745493 0.2372635 -0.2138207 0.1155464 -0.003597028 -0.1337367 -0.1767297 0.2924522 
-0.05350461 -0.04936761 0.4763421 -0.5088629 -0.02070742 0.2451061 0.4173267 0.213388 0.008104988 0.3793531 0.3020393 -0.2420546 -0.2363473 -0.05424669 0.5958925 0.1582784 -0.3109711 0.3399822 0.4400468 -0.345998 0.2155809 -0.08138788 0.3546301 0.1579685 -0.4457357 -0.09615213 0.5511417 -0.5607572 0.1093767 0.06496858 -0.5409551 -0.09360836 -0.05680469 0.4468762 -0.209108 -0.1256362 0.4819943 -0.5895615 -0.184633 0.3050379 0.05301361 0.1676195 -0.4904379 0.4095838 0.4042264 -0.5229815 0.5576774 0.5024168 0.1325511 0.5032491 
0.09318851 -0.3387284 0.5072325 0.2576476 0.2869863 -0.6537273 -0.4504828 -0.3849539 0.7453247 -0.33872 0.4586278 0.5204249 -0.009232907 -0.05810309 0.1098653 0.10059 -0.5696955 -0.0513496 0.2367109 0.1368501 -0.07448926 0.250761 -0.4817306 0.7434706 -0.03107023 0.2040678 0.1749156 -0.3799708 0.6051797 -0.3962747 -0.6571155 0.4626486 -0.278736 0.2245576 0.6141208 -0.4995659 -0.3293507 0.0007617638 0.1066159 -0.4499624 -0.391478 0.2797675 0.09802038 -0.03941437 -0.5344126 -0.1471427 0.1516305 -0.3419626 0.105108 0.2783767 
0.06910148 0.3163927 -0.5431786 -0.03776301 0.1958086 0.4205761 -0.2542398 -0.2006678 0.1264086 0.000785812 -0.6544648 -0.4188123 -0.1601495 0.3317904 0.1118343 -0.3687874 -0.01276786 0.4757768 -0.315324 0.6223449 0.3844167 -0.7013342 -0.3642206 -0.7415373 -0.2261352 0.2346204 -0.3435946 0.08508552 -0.4994809 -0.04442877 -0.1463796 -0.589125 -0.1955883 -0.4523415 -0.6256608 0.5007843 -0.01518256 0.01748591 0.05489178 -0.07788743 0.2738311 -0.693119 -0.0501746 0.1081299 -0.2513147 -0.5063526 -0.3622416 -0.04235295 -0.6663132 -0.3689553 
-0.5968761 0.0981174 0.3692492 0.3387781 -0.1463532 -0.07847187 -0.1847176 0.3730257 0.1227645 0.3232873 -0.1801799 0.4469125 0.4002759 -0.04074135 0.4025588 0.5877691 0.02230288 0.1471127 0.1924793 0.05325929 -0.5205588 0.5970981 0.3081774 -0.3515006 0.3678057 -0.3064038 -0.08916456 -0.2964004 0.2100726 0.3830754 -0.09532343 -0.1159239 -0.3365133 -0.01939774 -0.2092225 -0.3640438 -0.2899779 0.2369844 -0.1451906 -0.2812632 -0.1689796 0.4207645 0.0856882 0.4489078 -0.2003478 0.2923384 -0.2152861 0.0499724 0.3959072 -0.4107945 
#
-0.01855591 -0.6330855 0.06977325 -0.3808526 0.5991918 -0.07406289 0.2238972 -0.08535237 -0.1939799 -0.1309384 -0.2207684 0.1288282 -0.02251931 -0.2447125 0.2782319 0.02534571 -0.254409 0.3954028 -0.119647 -0.3453208 0.1625836 -0.1850912 0.4425195 -0.08033772 0.06977378 0.5564366 -0.30552 0.198651 0.02839764 -0.3782475 0.2654443 0.4804964 0.04227403 0.007086054 0.3965369 0.1993888 0.4688376 -0.1145375 0.6016153 -0.1888043 0.3600813 -0.2325431 -0.213006 -0.1290135 -0.4048367 -0.1052443 0.4622607 0.5502638 0.4395606 0.1081193 
0.05119489 -0.3899015 -0.2253092 0.2195052 0.1194653 -0.2127458 -0.2801439 -0.002979247 0.3801436 0.2298302 -0.227668 0.445538 0.08926599 0.08168649 -0.5073214 -0.3828043 0.06603228 -0.3654622 -0.3767045 -0.3266356 -0.3160143 -0.2416776 -0.3525674 0.2259569 -0.2174717 -0.0480201 -0.01802423 0.294092 -0.5600157 0.1703341 0.03995616 0.495085 -0.1185798 -0.1658776 0.06559098 -0.04670089 0.0562079 0.1992939 -0.5849777 -0.01213989 -0.1025381 0.008317824 0.06528252 0.3790724 -0.1966341 -0.2020474 0.4010436 0.6196902 0.2990782 0.3739193 
#
##### Level: 4  Time: 20.626 #####
##### 2018/12/2 18:28:26 ##### Type: Tanh
