##### 2022/12/19 16:4:33 ##### Type: Tanh
-1.458995 1.318115 2.518595 0.1891632 -1.645876 -0.6825262 0.6778504 
2.922174 -4.216194 -6.456537 3.922407 7.872358 4.336936 -1.005131 
-1.619231 7.134171 11.07965 0.04983291 -8.821144 -1.055171 2.77712 
1.474181 -1.439761 -0.8293449 2.485465 1.513937 1.907817 -0.134151 
0.6033778 -1.231897 -0.2149574 0.935746 2.691167 1.241191 0.7291616 
-0.4794859 -0.7279993 -0.7231866 0.7812412 3.705976 -0.3197343 -0.1415702 
-2.210205 1.100389 1.120868 -2.155498 -2.956788 -0.0962417 -0.3005555 
0.01892849 -2.166581 -2.139178 1.945801 2.243796 2.093223 -0.5184382 
-0.5781088 0.5633786 -2.215246 1.256944 0.8170148 1.962029 0.3260801 
0.1596804 -3.555632 -3.341773 3.728763 4.089345 4.194343 0.449729 
1.614055 -4.51263 -4.552553 2.874468 4.671921 5.293087 -0.3884492 
-0.5549434 -2.198873 -1.28706 -0.1728795 0.4841999 1.374885 -0.2441532 
-2.404644 6.008166 5.222487 -0.9858525 -3.229128 -0.4382624 2.242412 
1.728155 -1.834184 -1.370006 2.859578 4.717316 2.258607 0.7564775 
1.177745 -4.462344 -5.196854 4.363375 5.854498 4.508438 -0.9887028 
0.5255451 7.218251 4.86527 0.6189799 -5.789935 -0.6983492 1.929173 
-0.6290959 1.895515 0.5096718 2.354366 0.1910721 0.4619423 0.5858046 
-1.134647 -0.5933471 1.122737 1.019487 -0.2729665 1.617485 0.9431212 
1.343317 7.0638 6.566976 0.4621294 -7.518622 -0.5298088 2.25496 
1.228123 -1.616634 -0.2537071 -0.6487669 2.725564 1.079652 0.5233405 
0.1846841 -5.927091 -6.976831 5.513816 10.03544 5.239998 -0.8160869 
1.79449 -0.6929165 -2.835545 -0.9704795 7.178834 1.008371 -0.2010121 
-0.8815549 0.5383164 -2.695579 -1.613054 1.399305 1.546238 -0.07434324 
-1.414369 5.228967 4.529966 -0.4675374 -3.861225 -0.2366714 0.9237278 
1.843984 -4.667535 -5.909111 3.924099 7.149738 4.262143 -0.0154097 
-0.3115651 1.7997 1.849797 -2.200271 -4.359389 -1.605809 0.1176188 
0.1190195 0.01886453 0.5233433 -0.9849951 -0.9296418 -1.097822 0.04162068 
1.103216 4.553991 2.293944 -0.1935821 -2.12991 -1.873723 -0.3888192 
-0.4043472 0.250324 -0.4000491 -3.055882 -2.5973 0.02431801 -0.5857801 
-0.8095046 -0.9088175 -0.3648605 -3.218249 -2.404074 -0.2186729 -0.1784075 
1.348527 -0.8165715 -2.786185 2.277615 1.33326 1.591751 0.1222795 
-1.518836 -1.507025 -1.740997 1.180071 1.979972 2.760994 0.5103028 
-1.580076 1.177558 2.974598 -4.625553 -4.740894 -1.158058 0.2431388 
0.2882535 2.847231 3.912549 -0.2248073 -2.25104 -0.8050492 0.4876295 
-2.136451 4.1046 3.662986 0.4663529 -3.144009 -0.4559141 0.5725855 
1.045497 -2.954223 -3.68823 3.191083 4.953887 1.982685 -0.1798611 
0.8319243 -2.034214 -3.673292 2.230029 4.546247 3.088082 -0.9455174 
-0.5629143 -1.036247 1.677635 0.2626279 0.9770312 1.58854 1.01802 
0.6309552 2.230854 3.288854 -0.09481961 0.6302718 -1.622273 0.9906872 
0.5199888 0.06115953 -1.949924 2.502955 0.9933265 1.175392 0.8924258 
-1.377612 -2.584889 -3.201631 2.888487 4.726017 1.587791 -0.4567147 
2.260667 -3.178808 -7.029211 4.042128 8.619612 3.180539 -0.3334331 
2.667983 -3.266723 -6.335756 3.808251 8.095635 2.716981 -0.5918689 
-0.6526147 2.184633 4.946834 -0.5674524 -1.354804 -1.092856 0.4394662 
0.4291541 -1.168346 -0.195716 4.100976 3.063547 1.622938 1.658032 
1.667003 -1.952711 -3.285112 1.639017 3.58428 2.292762 -0.5226887 
0.7722188 4.741177 6.244726 -0.3321553 -2.153555 -2.509436 1.038516 
0.7632814 -3.198069 -3.599772 2.982727 3.948238 3.173841 -0.3707302 
0.7168516 0.1593145 -0.04165554 -0.3771427 2.490476 0.2531454 -0.6852143 
0.3742183 0.5450407 1.523974 0.8824013 -1.096609 1.22808 0.5349217 
#
0.2210448 -0.4567952 -0.5349185 0.230622 0.4339769 -0.01342383 0.2941559 -0.4495474 -0.1683131 -0.1972345 -0.1180452 -0.08640102 -0.03087422 -0.4005879 -0.234388 -0.4649691 0.3230847 0.3643784 0.03237154 -0.1309231 -0.06701476 0.2392495 -0.1408495 0.2399809 0.0339524 -0.1421762 -0.1392906 0.2229466 0.1457174 -0.35379 -0.08313017 -0.5008546 -0.07646658 -0.1634262 0.1405011 -0.2214928 0.4349803 -0.3344795 -0.09714964 -0.2316053 -0.1720357 -0.3161095 -0.3719592 0.1404497 0.2731236 -0.1729089 0.05837816 -0.4931866 -0.2363646 -0.5059509 
0.3444981 0.4024755 -0.4589935 -0.08338186 -0.05793003 0.2773405 0.2918579 -0.2891561 -0.3765899 0.07953604 -0.3112658 -0.3525968 -0.01773553 -0.2108164 0.2334176 -0.04814248 -0.4976384 -0.4502552 -0.171909 -0.3917379 -0.3805679 0.1990179 0.04558045 -0.4002198 0.4465772 -0.345776 0.08599411 0.2467262 0.472154 -0.4122031 0.4082365 -0.20088 -0.0598784 0.05627346 -0.3564782 0.09456655 0.4606856 0.474548 0.4278624 0.4227681 -0.04920032 0.2278121 -0.4594642 0.293702 -0.3495621 -0.1554522 0.2291781 0.4435572 0.4211328 -0.2409554 
-0.06034718 -0.1176798 0.2070401 -0.3962678 0.4416994 -0.3669351 -0.0972266 0.4628293 0.005713168 -0.2184115 -0.4212006 -0.4882103 -0.1821637 -0.4689698 0.2433177 0.3657218 0.236427 0.5196043 -0.4563906 -0.4266454 0.08182273 -0.4522247 -0.2911694 0.01802163 0.107396 -0.009379141 0.1825255 0.2410841 0.4370801 0.1107986 -0.1010913 0.2059479 0.4232084 0.2285785 0.315819 -0.1282092 0.1739215 -0.1542086 0.1437417 -0.4575215 -0.3768697 -0.5756877 -0.124315 0.1157227 0.2140616 -0.1297093 -0.09925069 0.4534071 -0.5472769 -0.125128 
0.1786344 0.07385084 0.5004898 0.1624921 0.169924 -0.2857183 -0.2712727 -0.346978 -0.01095156 -0.07798992 -0.03580114 0.1722734 0.4463801 0.3395579 0.2518416 0.1596105 -0.4091361 0.07852748 -0.007752425 -0.3030413 -0.4143738 -0.195485 -0.2655261 0.6356979 0.4153951 0.1033786 0.07226857 0.1602068 0.2885946 -0.3122453 -0.4363323 0.205986 0.2069395 0.09486663 0.6044482 0.1780455 0.2071069 -0.2828318 -0.4580275 -0.1883652 -0.3384159 -0.07401254 0.2996383 -0.3039623 -0.02991597 -0.03561902 -0.4581752 0.1092894 0.2456937 -0.3992068 
-0.1545567 0.3319642 0.1038357 0.2052828 -0.3242336 -0.2437056 -0.004898267 0.3941262 0.2513765 -0.3888208 0.4533737 0.06755068 -0.1973425 -0.1580998 -0.1288283 0.36386 0.4322422 -0.1948428 0.3789425 -0.3822822 0.290648 0.4705229 0.1558909 -0.4331281 -0.3706134 0.1776274 0.1035706 -0.411107 0.0352667 -0.12152 0.03634725 0.3771245 0.3901658 0.1378642 0.2794604 -0.248994 -0.3200975 0.4265053 -0.0993304 0.2382179 -0.128538 0.4394138 0.04836429 0.3480195 -0.1443135 0.1696536 -0.4730601 -0.05295426 0.4412582 0.1140647 
0.1116989 0.2469052 0.3299989 0.1886291 -0.1995942 0.01056701 -0.2714219 -0.053146 0.08878661 0.06246049 0.1722414 -0.08405286 -0.1239266 -0.1012948 0.1473517 0.5115756 0.1894019 0.2584935 0.08947624 -0.386899 0.1834021 -0.5276675 0.4099326 -0.3545969 0.3795591 0.445239 -0.1237419 0.2088429 0.2419046 0.008450791 0.1707078 -0.3666098 -0.3109426 0.3850508 0.2670067 0.2792021 -0.3649802 -0.2734556 -0.08901797 -0.1940304 -0.4602516 0.2657256 -0.1183017 0.3605095 -0.3857171 0.333369 -0.04174665 -0.3674191 -0.2240289 -0.08489262 
0.5508685 -0.3612424 0.4550406 0.1974086 0.4021298 -0.04573828 0.3925496 0.003327772 0.2368757 -0.2162038 -0.5049668 0.08474553 0.2494283 -0.4630623 0.2479251 0.02850759 -0.3502138 -0.1172986 0.2336883 0.2838604 0.2612918 -0.1471498 -0.1475113 -0.2494596 -0.4871255 0.4804892 0.2191136 -0.4169823 -0.4079353 -0.457682 -0.07956128 -0.3387933 0.03209325 -0.14892 -0.06900928 -0.198395 -0.310994 -0.116611 0.4536809 -0.4027894 0.3014263 -0.05494015 -0.2158 -0.4387822 -0.3368054 -0.1743089 -0.3563595 -0.2813669 0.496232 -0.03165666 
0.2556947 0.2631108 0.09654073 -0.3463036 -0.1131259 -0.2102484 0.5191755 -0.01483755 0.04931114 -0.6281076 0.4392196 0.3829398 0.1843775 0.1843905 0.1029724 0.3376402 -0.5757164 -0.3961656 0.1132646 -0.08143459 -0.4171072 0.2003732 0.2725824 0.01105062 0.2821067 0.001198748 -0.2377542 -0.1488364 -0.320478 0.1627757 0.2271092 -0.3081478 -0.2921914 -0.1303182 -0.2194484 -0.09145001 0.1299691 -0.5527934 0.250642 -0.5611013 -0.06823801 0.03343197 0.1685823 0.2943712 -0.4721551 -0.4840806 0.4053646 -0.06654879 -0.3188506 -0.2859243 
0.06488132 0.1412999 0.3902407 -0.2250459 -0.3435932 0.11205 -0.06806892 -0.6383733 -0.2454617 -0.407406 -0.2211194 0.09381473 0.2693702 -0.5552084 -0.5420893 0.1118658 0.1093004 -0.5031122 0.01055124 -0.4171204 -0.6549743 0.3470753 -0.02044964 -0.02010797 -0.5634651 0.2925094 0.65668 0.3777418 -0.1145679 0.3552212 -0.146346 -0.1936098 -0.2173869 0.05077242 -0.4166986 -0.6404736 -0.04926821 -0.009031345 -0.2522611 0.004926128 -0.3680891 0.1326345 0.05353822 0.09367723 -0.02870463 0.2445266 0.5656235 0.04669705 0.1241661 -0.105441 
-0.006506324 -0.1427862 -0.1251563 0.3820854 -0.09721622 -0.4213292 -0.1595271 -0.3573016 -0.1925319 0.06792668 0.1385 -0.01281865 0.4390395 0.03420866 0.1527523 0.5368022 -0.08190257 -0.4633171 0.3741721 -0.4277624 -0.6203276 -0.5426622 -0.5071656 0.4899595 -0.6164843 -0.1210153 -0.1726066 0.6253425 0.3499098 -0.3268989 0.4403326 -0.2856201 -0.3187768 0.1283852 0.2243776 0.1337902 -0.3494787 -0.3279951 -0.2819921 0.4354744 0.1112618 -0.2501949 -0.2415752 -0.06574688 0.2702581 0.1924368 0.4522908 -0.441569 0.334037 0.1508315 
-0.1210898 0.5053225 0.1960831 -0.02876981 0.1409966 -0.08739009 0.1736075 0.06292717 0.4631318 -0.3692298 -0.2261552 -0.0805777 -0.2395524 -0.325174 0.6821676 -0.02264955 -0.1853911 -0.2228926 -0.6262762 -0.3530948 0.2923897 -0.1648153 0.4201486 0.3561428 0.04228042 0.1583512 0.2598713 -0.04849094 0.446807 -0.2457021 0.04183197 -0.3685915 -0.3660141 -0.3540112 0.1599257 0.3137864 -0.09685225 0.3437133 -0.5137421 -0.213552 -0.2824925 0.3895256 -0.09425143 -0.5643659 0.2696141 0.03038508 0.1820177 -0.4163643 0.1035036 -0.2860527 
-0.07125726 0.3165031 -0.5813217 0.274579 0.4285236 -0.1208524 -0.4593011 0.5539439 0.5009794 0.3686187 -0.01279948 -0.3031106 -0.1805205 0.24276 0.3143525 -0.5355505 -0.2796021 -0.2102047 -0.1431277 -0.2405419 -0.1938853 0.1175066 -0.3296404 0.3037347 0.5096593 0.3869327 0.4142501 0.1814554 -0.2604538 -0.3297509 0.4868349 0.2221959 -0.5111799 0.2522343 0.1652232 0.2436033 0.5102262 -0.1278458 -0.3479459 -0.1732791 0.2862202 -0.09548894 0.450545 -0.4014722 0.3219189 0.5889824 -0.2954625 0.07646403 0.004766752 0.1466548 
-0.3412078 0.0424631 0.09572479 -0.1742844 0.4403741 -0.5360752 0.07976054 -0.2945198 0.3255011 -0.5121123 -0.1878072 -0.2719987 0.290383 0.3284823 0.4884788 0.2475304 -0.3473149 0.1353576 -0.392216 0.4641631 -0.3918459 0.3921324 -0.5731987 -0.2004494 -0.02584166 0.4685684 0.1859332 0.4788431 -0.4906896 -0.5122261 0.07052612 -0.1053573 -0.1329354 0.1355974 0.5439668 -0.2331955 -0.4022545 0.1669544 0.4049062 0.1186503 -0.4059644 0.1897739 0.02505833 -0.235287 0.5144938 -0.06854428 0.06410007 0.4766252 -0.3291858 -0.3356593 
0.280131 0.2235965 -0.1077106 -0.03705432 -0.04813706 -0.2224711 0.1012391 -0.1126967 0.3376814 0.4474458 -0.09054641 0.1743538 -0.3439919 0.2686063 -0.03207887 0.3698398 0.375966 -0.3762418 0.3003723 0.2075769 0.06846315 0.01875628 0.2532551 -0.06156416 0.2851177 -0.06321187 -0.1872493 0.2314971 -0.2528171 -0.4125576 -0.09184654 0.1581612 0.2762937 0.3558885 -0.3143654 0.3620414 0.4377615 0.3318455 -0.4187822 0.1523322 0.2160624 0.2364615 0.3369502 0.3855994 -0.3095286 0.07378386 -0.05747141 0.2587995 0.3321575 -0.4703332 
0.003231592 -0.1363702 -0.2868773 -0.04832992 0.04753805 -0.2252738 0.4644919 0.4657647 0.2249072 -0.4843544 0.4948754 0.2904508 -0.3020452 0.2707619 0.09270445 0.2768609 0.3738814 -0.1982514 0.1157143 0.08996867 0.4303169 -0.3969577 -0.5080016 -0.2313684 0.4560413 0.4052323 0.2073725 0.3935661 -0.2614895 -0.2553166 0.408588 0.007698846 0.4989994 -0.351259 0.1169853 0.4055547 0.07632824 -0.2624307 -0.1384013 0.4200261 0.4637764 0.4736275 -0.3010094 -0.4590057 0.1994673 0.3778181 0.02817986 -0.4998006 -0.2627265 0.04848919 
0.183042 -0.3196426 -0.3003771 -0.3110686 -0.4464131 -0.0237952 -0.07446985 0.3728241 -0.0240221 0.134898 0.1480736 -0.3295552 0.2701521 -0.1064912 -0.3880117 -0.04023104 0.2970437 -0.5008325 -0.2046907 0.08017647 -0.448287 0.1665643 0.4616233 0.1970276 0.09412406 -0.4261713 0.4249821 0.4455485 0.0232469 -0.3945327 -0.2134507 0.1106856 0.04430487 0.1889559 0.1100051 0.1807479 -0.2162534 0.2053455 -0.4766665 -0.5023678 -0.0130653 0.1534893 0.1686552 0.1660096 -0.3262232 0.2541672 -0.3252356 0.1760109 0.3984096 -0.2914657 
-0.4317497 -0.02447652 0.1895591 0.1691093 -0.0189943 -0.5272539 -0.2703025 -0.02470025 0.1076927 -0.4212267 0.02703707 -0.1323632 -0.07516199 -0.06763829 -0.1324652 -0.4587475 0.1760899 -0.4194241 0.3641376 -0.05498086 -0.3491943 -0.3780048 0.4423279 -0.2232844 -0.3998592 -0.08445836 0.3616942 -0.1687672 -0.04281523 0.3385608 0.287115 -0.3387683 -0.3894033 -0.2197865 -0.4687189 0.3356525 0.4508182 0.3882079 -0.2465251 0.1011589 -0.08089244 0.3036283 -0.3979678 -0.4691195 -0.02282219 -0.3360042 -0.250451 -0.1658609 -0.183159 -0.2812325 
-0.2285584 -0.4863254 0.5050766 -0.06940534 -0.4392323 0.372964 0.08287872 -0.1604773 -0.03525095 -0.4876759 -0.5109487 0.4594623 0.5878258 0.2156672 -0.4140657 -0.02415121 -0.2926928 -0.4202772 0.08245207 -0.07982331 -0.435684 0.1970659 0.2511019 -0.2754431 0.4031222 -0.1979536 0.4837786 0.5557385 0.3751527 0.3988691 -0.4719563 -0.004212019 0.5340466 -0.1640315 0.0988928 0.1425574 -0.3044859 0.1186927 -0.2877344 -0.5620081 -0.3640796 -0.1290266 -0.3860315 -0.2051312 -0.1149038 -0.1231187 0.4100011 -0.1600775 0.2971957 0.3837313 
0.4980385 -0.4317013 0.4132138 0.2396889 -0.4284116 -0.1623762 -0.1091548 0.1363517 -0.004757223 0.2985852 -0.5134026 0.09061775 0.1441363 0.1407373 0.3358572 0.07404807 0.4506064 0.1711181 -0.4276444 -0.03337728 -0.3001377 0.07258057 -0.5025197 -0.04963578 -0.2915568 0.1702862 0.03142141 0.02842868 0.3092724 -0.07953407 -0.141429 0.03192469 -0.2671344 0.3487809 0.520244 -0.4870135 0.139297 -0.3276535 -0.2530296 -0.1855303 -0.2335986 -0.03488696 -0.4416907 -0.1902782 0.4331679 0.1504191 0.3159271 0.07945777 -0.145679 0.3405552 
0.1751935 -0.1560336 -0.3021148 -0.3479617 0.1656973 -0.04240065 -0.2985287 -0.06283566 -0.03746435 -0.07683021 0.3712438 0.3931495 0.420067 -0.4346825 -0.1074552 -0.1827324 -0.2193544 0.1830881 0.07128839 0.1865495 0.3681578 0.3295779 0.05826525 0.001426636 -0.2643894 0.2107846 -0.02011966 0.1245532 0.05918822 0.07648738 0.3466199 0.2781084 -0.2491287 0.4336818 0.2067425 -0.2863558 -0.4018077 -0.551515 -0.458105 0.04819958 0.3805745 -0.2568226 0.1596928 0.2566611 -0.1108754 0.05395678 0.1021529 -0.484127 0.4149008 -0.1950901 
-0.2130961 -0.4411888 0.2441845 0.06866013 0.4075609 0.3074958 0.2531565 0.1116388 0.4029398 -0.4476473 0.3818745 -0.07757864 0.4545314 0.4608876 0.1446768 -0.6293423 0.1448695 0.4280383 -0.3256002 -0.3399563 -0.1315882 -0.1091175 0.2877679 -0.489315 0.3141573 0.2006568 -0.4014966 0.05745659 -0.2424383 0.3171298 -0.4587352 -0.1511579 0.3545312 -0.5195475 -0.305883 0.2951292 0.4501269 0.02713704 -0.6776031 -0.541411 -0.05755508 0.006715682 -0.3892449 -0.5781562 0.1931721 0.2323679 -0.4435088 0.2074876 -0.3714544 -0.0365219 
0.477378 0.07390678 0.3139071 0.03208212 -0.5828927 0.3327208 -0.01211657 0.158562 0.1394133 -0.4360905 0.2009045 -0.3244852 0.003478653 -0.4293479 -0.6408195 0.001456067 -0.1673858 0.2391932 0.2883426 0.1929591 -0.6361754 -0.3787473 0.3559194 -0.1820998 0.007040953 0.4982542 -0.007568862 0.094886 0.03393575 -0.2228969 -0.04539743 -0.2731894 0.2062554 0.1462825 0.2391119 -0.3321104 -0.06220621 -0.5518757 0.496424 -0.4067815 -0.08641035 -0.3557218 0.2044016 0.1953395 -0.3624886 -0.1723683 -0.4569114 0.1594277 -0.4256058 -0.5197394 
-0.473532 -0.00406306 0.09796359 -0.2632683 -0.1605757 0.4226778 0.3115243 0.08942891 -0.5117288 -0.2703292 0.4036324 0.2865352 -0.2622626 0.02769285 0.4445905 -0.5198508 -0.04408827 0.2002056 -0.5930324 0.3016774 0.4294082 -0.006482533 0.657515 -0.0827624 -0.1275607 0.4029996 -0.1710089 -0.5439157 0.5409778 -0.1106092 0.4749685 -0.03342099 0.2087877 -0.5447596 -0.532273 -0.3224925 -0.0006685341 -0.3196042 -0.2812177 -0.3535176 0.2799291 -0.2455064 -0.1336818 0.07117295 -0.06780428 0.5842455 0.03851296 -0.3230721 -0.3801905 -0.5234008 
0.5021938 -0.1605028 0.22099 -0.2015129 -0.2384655 0.2460919 -0.2087931 -0.2122872 0.429749 -0.01353015 -0.1793942 0.03435016 0.2129114 0.258101 -0.04710231 -0.1406804 0.5102255 -0.1735265 0.2187211 -0.06079201 0.2489943 -0.2980996 -0.2323684 -0.185241 -0.4817012 0.3988578 -0.1974617 -0.077203 -0.473503 0.04227881 -0.2867605 -0.3970028 -0.3291315 0.4897943 0.05283757 -0.1787229 0.4670994 -0.169061 0.4701762 -0.1500543 0.3750177 -0.447483 -0.2739462 0.4042048 0.2578796 -0.5543067 0.0847786 -0.1995103 -0.3291489 -0.1917564 
0.4054396 -0.1727387 0.3124883 -0.07232531 -0.2512217 0.0571536 -0.4573253 -0.2462482 -0.2548505 -0.1538789 -0.1123387 0.4583512 -0.0626229 -0.1775273 -0.3021792 -0.1089795 -0.1285182 0.1545771 -0.01874343 -0.4217312 -0.2880119 0.1142692 -0.1668684 -0.1793811 0.07994312 0.1456388 0.4838846 0.05616898 -0.05823595 -0.4480167 -0.2360949 0.4413095 -0.3334815 0.2759511 0.3656099 0.4092045 -0.1206672 0.223971 0.1496775 0.2973067 -0.2320765 0.1122099 -0.5357942 0.07654593 0.3427759 0.4114848 0.3441466 -0.5111014 0.05656813 -0.09945885 
0.2117243 0.3568941 0.6590805 0.4096416 -0.4365224 -0.3016616 0.4448273 0.08967783 0.3506757 0.03360166 0.253709 0.007682228 0.1337861 -0.3850318 0.4323371 0.2419028 0.2742087 -0.01141214 0.07400481 -0.08582857 0.3503741 0.3510153 0.4470826 -0.09046732 0.3231708 0.1380035 0.1511533 0.1951164 -0.1244048 0.1698157 0.4208423 0.3603195 0.5016086 -0.5593601 0.01842377 -0.03500518 0.3809918 -0.3626539 0.05560002 0.1018847 0.4549844 0.4428122 0.3330622 -0.5282184 -0.2962489 0.2395764 0.256738 0.3966673 0.03561632 -0.1483086 
-0.2125493 -0.2582579 -0.09617443 -0.3620133 -0.1340407 -0.5309551 0.4844335 -0.1670109 -0.4667354 -0.06906769 0.1439459 -0.2770965 -0.3610753 -0.3870786 0.227925 0.1002615 -0.07356891 0.1953577 0.2909731 -0.1115629 -0.004671184 0.16944 0.368843 0.4398925 -0.235768 -0.3595488 0.3446294 0.3827015 -0.0854656 -0.3762484 0.2433831 0.03331832 -0.09647743 -0.5360615 -0.1851448 -0.09100512 -0.06621221 0.1069809 0.04218287 -0.2142093 0.09113812 0.04015284 -0.4325988 -0.4961454 -0.5746229 0.289104 0.1480243 0.09622926 -0.210761 -0.04434051 
-0.04950188 0.2406078 -0.4844238 -0.5404031 0.1754241 -0.0185189 -0.08371262 -0.1014995 0.3448127 -0.1758368 -0.2534022 0.4558435 -0.4205551 -0.5123667 0.219425 0.4192342 0.3065702 -0.3877261 0.3960981 -0.1786032 -0.4359324 0.1440742 -0.1004504 -0.07629208 0.2365862 -0.2379878 0.1805495 0.5006862 0.4518825 0.07449045 -0.2633409 -0.4540115 0.3013099 0.2000111 0.2215879 0.1468368 0.006754832 -0.3300422 -0.2670577 0.3612658 -0.2060696 0.3113432 0.1777964 -0.4741804 -0.4272932 -0.02975301 -0.2401973 0.3991296 -0.2789668 -0.3837174 
0.528214 0.1712404 0.4450338 0.3374124 -0.08581138 -0.005822339 0.1212246 0.1703976 -0.2906965 0.0907129 -0.4724856 0.04674471 0.08491083 -0.1667147 -0.3779718 -0.2739371 -0.3471337 -0.03955371 -0.151982 -0.5184935 -0.171373 0.01760297 0.2761376 0.4193233 -0.3023044 -0.3277023 0.4283854 -0.3577241 -0.1788529 -0.3085238 0.3508058 0.1311448 0.002139088 0.2925383 0.09834272 0.1601187 -0.3860775 0.4611806 -0.2223256 -0.1659038 -0.3603415 0.4471219 -0.4549006 0.2405616 0.3407763 0.1324644 -0.0960592 0.0231269 0.4842204 0.3965769 
0.05545092 0.3762927 0.1672426 -0.3152211 0.2588726 -0.1892796 0.4131416 -0.5053716 0.09760839 -0.273111 0.05991579 -0.03143349 -0.1438662 -0.5019904 0.238118 -0.06670035 -0.5234179 0.2530194 0.2531999 -0.01720096 -0.4343577 -0.2607448 -0.3645536 0.5164148 0.407811 -0.05571291 0.1467015 -0.4972353 -0.3892306 0.1173383 0.263503 -0.1431194 -0.2187598 -0.09661794 0.06841737 0.3839867 0.3612081 -0.2405327 0.4357621 -0.3270961 0.2240768 -0.3769235 -0.1613194 -0.4660245 0.2172865 0.1908952 0.0338031 0.4575849 0.464735 -0.1446954 
0.01972245 0.1383391 0.2969933 0.003440377 0.3144456 -0.2047283 0.2738638 0.1126378 -0.2547998 -0.05659093 0.1820804 0.3454614 0.5627297 -0.4340879 -0.09257588 -0.35063 -0.2688693 0.365368 -0.03005977 0.33727 0.0746085 0.2377791 0.4251713 0.1327132 0.2738055 0.458987 0.3291926 -0.3560037 -0.2826703 -0.2486435 0.1640529 0.0860327 -0.4871347 0.2281014 -0.4735591 -0.3325632 0.1302864 0.2737806 0.0703012 -0.3274533 -0.4631111 -0.3538904 -0.4837296 0.09247482 -0.03181031 0.3734042 -0.3530942 -0.2247577 0.05987143 0.1366393 
-0.2252759 0.02684667 0.09274302 -0.3583372 0.3217124 0.1179902 0.3411458 -0.360577 0.1254011 0.2927576 -0.2851368 0.3001783 0.06944644 -0.5256634 -0.0359836 -0.4094697 0.312962 -0.2022033 -0.4639298 -0.1583876 0.02095602 -0.1132258 -0.2643726 -0.2177521 0.1979629 -0.1632583 0.1946326 -0.09190325 -0.3613049 0.4163387 0.1899994 0.08307557 0.04713347 0.09397224 0.3153913 -0.3446025 -0.51499 0.3506052 0.3032435 -0.3280495 -0.3718576 -0.2468672 -0.4590745 0.3869849 0.2778813 -0.2422865 0.2527805 -0.4860839 0.5085154 -0.2068251 
-0.3817849 0.3252624 -0.192346 -0.3994851 -0.4631272 -0.4965853 -0.1112095 -0.09991204 -0.07690176 -0.01425816 -0.2250343 0.0672161 -0.391067 0.3206846 0.4045535 0.3869479 -0.3047088 0.2996427 -0.3245979 -0.0251857 -0.4469832 0.5484352 -0.09299768 0.404578 -0.4382809 -0.3161367 -0.05537631 -0.01428026 -0.1173586 -0.1508055 0.1077675 0.1241516 -0.195134 0.2765252 0.3005217 -0.4920042 -0.1684418 -0.1764645 0.0379924 0.2294276 0.2990381 0.2117025 -0.01048972 -0.1819757 0.4458446 0.2898839 -0.2165653 -0.3026142 0.453303 0.399107 
-0.3423581 0.4834838 0.1988728 -0.04115283 -0.3782058 -0.3691375 -0.07904696 -0.1695613 -0.5079398 0.3331183 0.2088786 0.5487759 -0.4568102 -0.4822826 0.4159475 -0.1953285 -0.3150121 -0.2820826 -0.6946594 0.3414595 -0.06686573 0.3798583 -0.0932719 -0.1588461 0.05393815 0.03950747 0.1209849 -0.3608522 0.4716555 -0.08394856 0.4789282 -0.4084297 0.1116097 -0.2082848 -0.4106467 0.04691688 0.239555 0.07416265 0.02503825 0.147802 0.2445637 0.4668373 -0.1369229 -0.01618817 -0.449008 0.4186734 -0.07318862 -0.2492828 -0.05868968 -0.1127338 
-0.007189273 0.4418439 -0.3391162 -0.5678101 -0.173151 -0.2903541 0.1986657 -0.1636693 0.3834051 0.1645173 0.03816159 -0.3077439 0.04400799 0.1498038 -0.5152686 -0.09691508 -0.1650245 0.1176248 0.3049003 -0.262515 0.05433239 0.1134287 0.2223924 -0.2235503 -0.4241338 0.1951618 0.1741968 0.2337115 -0.1803441 0.3447528 0.4933676 -0.4247342 0.4431814 -0.2054969 0.3547739 0.3383041 -0.5345775 -0.09173383 0.547905 0.4141938 -0.4842957 -0.06038717 0.2116366 0.2596689 -0.3522815 0.05993073 -0.1417461 0.001254573 0.05355867 0.1683696 
-0.129169 0.3101318 -0.005406487 -0.522508 0.2978224 0.3493815 -0.3037375 0.3024812 0.360408 0.2094534 0.1722256 0.3831463 -0.3266793 -0.4144254 0.1820787 -0.2088821 -0.2674316 -0.3803973 0.3879497 -0.4555064 -0.1636292 0.4320346 0.174355 0.3415572 -0.2970485 -0.2212672 0.3887225 0.221087 -0.4145648 0.1395575 -0.3517533 0.4112509 -0.2028324 -0.03574112 -0.2226884 -0.36425 0.1988257 0.2476863 -0.1069806 -0.5243694 0.21837 -0.3887316 0.04186261 -0.3739231 -0.2423023 -0.2630724 -0.3475769 0.09382826 0.519096 0.3412434 
0.07187071 -0.7057586 0.7934958 -0.1576976 -0.1171 -0.3183173 -0.4472255 0.01837108 0.3619758 0.02902954 0.225169 -0.3444296 0.6087283 -0.2507047 -0.07725276 0.5543418 0.1369731 0.2492653 0.5488529 -0.1005033 0.05003553 -0.3174053 0.07406451 0.8249565 -0.2563288 -0.1125867 -0.1079987 -0.02430629 0.06792349 -0.4528904 0.1965594 -0.2364164 -0.4919538 -0.2591525 0.1683143 -0.5645804 -0.3077558 0.3317312 -0.2163739 0.4918496 -0.5832182 -0.7399239 -0.9295214 0.4265379 -0.4429587 -0.3647985 -0.1438478 -0.2599215 -0.1080202 0.1684463 
0.07225259 0.02152058 0.397765 -0.1455296 -0.2949759 0.291752 -0.01271059 0.3817696 -0.4236669 -0.4300715 -0.3243971 0.02473557 -0.4596984 0.2385202 0.09669819 0.2936102 -0.3147953 0.1671244 -0.4646046 -0.01076397 -0.06308188 0.3150956 0.03883777 0.3578236 0.004883075 0.0880083 -0.07728091 0.3011815 0.2703169 0.2650973 -0.4433049 0.4099197 0.3846691 0.5004103 -0.06579635 -0.07814084 -0.1926288 0.1603188 0.4865218 -0.04171552 -0.008283676 -0.1947246 0.237132 -0.4263407 0.1872771 0.0563861 -0.4367683 -0.192977 -0.1703722 -0.2495163 
-0.06295267 0.06406294 -0.3005413 -0.4664729 -0.3945861 0.3073871 -0.409944 -0.5215629 0.3114869 0.01939669 -0.05218373 0.2799928 -0.3864428 -0.294461 -0.4780505 -0.3454343 0.06542911 -0.5342798 -0.3354428 -0.3233256 -0.07193919 0.01158251 0.256137 0.0601063 0.3826807 -0.302777 -0.4233018 -0.02656553 -0.2593008 0.4692163 0.06704239 -0.4608967 0.04220934 -0.005849941 -0.1898862 -0.06536281 0.04902421 0.2111815 0.256089 0.05887346 -0.1123622 -0.238876 0.3517486 -0.1580839 -0.5514975 0.364536 -0.3668131 -0.06746677 -0.4222916 -0.1411023 
0.4778905 -0.4869374 -0.5595587 -0.4513831 0.1910807 0.4139434 0.3564655 0.2623779 -0.4573957 -0.4918688 0.3075825 0.1043574 0.2178117 0.298528 -0.4208888 -0.308921 -0.3120607 0.03548186 0.2726233 -0.002751833 0.09707361 0.2725171 -0.1609926 -0.05523362 0.221772 -0.1563422 0.2175119 -0.1990241 0.1251716 -0.2263421 0.4159468 -0.06131171 -0.002445237 0.1654295 0.3975915 -0.07585661 -0.5498767 -0.1851162 0.1719213 -0.1263495 0.2054699 0.2908557 0.1387667 0.1394798 0.2830237 0.3529272 -0.2065945 0.3450789 -0.2347995 0.1532121 
0.02583655 0.1465014 0.0338798 -0.03034722 0.2211698 -0.3555411 0.3496823 -0.07631139 -0.2423834 -0.02858478 -0.2364397 0.001797607 -0.38251 -0.5382888 -0.3892131 -0.2649429 -0.4842229 -0.4172983 0.2984055 0.1473253 -0.3321379 0.3823321 0.3452499 -0.1267579 0.299633 0.34376 -0.2450879 -0.05104559 0.3214878 0.4481729 0.4443793 0.2032107 -0.4156109 0.2887932 0.04993341 -0.1875989 0.3351868 0.4301733 0.4556462 0.3106504 0.2126757 0.1747822 -0.4063863 -0.2811906 -0.297524 -0.2359983 0.09249844 0.1038115 0.1643439 -0.009684504 
-0.04131982 -0.01289217 -0.6832474 0.2681502 0.08320733 0.2719809 0.1503283 0.005986534 0.3187664 0.5542751 0.6202297 -0.1783074 -0.06482356 0.03058869 0.4452361 -0.02128089 -0.00235639 0.02743857 -0.3013379 0.5565047 0.05790792 -0.2182985 -0.132668 -0.5119027 0.6313121 -0.0623006 0.141791 -0.09863787 -0.4167346 0.05155916 -0.03967869 0.246401 0.1991714 -0.2773041 -0.2734136 0.2292111 0.2644451 -0.01365711 -0.4552516 0.4771538 0.2748305 0.3402553 0.1925198 -0.5722859 0.5489259 0.2675088 -0.6336953 0.3800051 0.06939758 0.4239043 
0.5029659 -0.2466347 -0.3090953 0.336554 -0.3946767 0.2384599 -0.3720508 0.3123744 0.1832958 0.4090737 0.4523085 -0.1828696 -0.5831713 -0.428688 0.2308458 -0.2671075 -0.0004443298 -0.1791362 -0.1825826 -0.5490955 0.2411551 -0.6165643 0.4423288 -0.07841084 -0.3263887 0.2708634 0.3269145 -0.576442 -0.3650626 0.1823762 -0.008200009 -0.4388947 0.3362418 -0.114652 0.1532366 0.3242778 -0.1893396 0.4037778 -0.335283 -0.1432468 0.05820024 0.3709561 0.2001773 -0.1937451 0.4333892 -0.2906589 0.1500051 -0.3506466 -0.3290547 0.1549773 
0.3597325 0.08090802 -0.1701042 0.07608662 0.4080368 0.2782362 -0.09772877 0.08095752 0.1259097 -0.153767 0.4491667 -0.368778 0.2858387 -0.4079533 -0.05964943 0.2202416 -0.1440966 0.007070346 -0.1654653 0.359153 0.3730537 0.08067771 -0.2091281 0.4596311 -0.0438638 0.492956 -0.05213144 0.0305344 0.179714 0.4978364 -0.472988 0.04270631 0.397854 -0.07201695 0.2290041 0.289795 0.2846008 -0.3766863 -0.04117434 0.3415187 -0.001384017 0.2261714 -0.2426419 0.1357003 -0.1544997 -0.1408499 -0.5100129 -0.03109754 0.4947444 -0.3946224 
0.3714325 -0.4900908 0.3045958 -0.2301829 0.157674 -0.345496 -0.1099709 -0.19497 -0.4860068 -0.4908386 -0.07549199 0.2873404 -0.4460106 0.1487528 -0.2083655 -0.1466091 -0.3319471 -0.2648879 -0.01234709 0.003125491 -0.4876429 -0.2885962 -0.3400843 0.02862105 -0.1236898 -0.310309 -0.2304299 0.150053 0.1074947 -0.3585298 0.332434 0.3001575 0.1733348 -0.08191392 -0.4838547 0.3908993 0.2983301 0.01460124 0.3079795 -0.02174286 -0.04466561 -0.08713202 -0.4519788 -0.1185526 -0.1445791 0.178029 0.1640112 0.101377 -0.1610945 -0.4726147 
-0.2386051 0.1189753 -0.3857091 -0.1204774 -0.4030658 0.1184243 0.4867864 -0.2748487 0.3119504 0.04478019 -0.5361887 0.2791767 0.3296821 -0.5335274 -0.5177243 0.1422459 -0.4219337 0.004205579 0.1558834 -0.09771575 -0.06181642 0.2275093 0.1040656 0.3539689 -0.4524083 0.1418958 -0.3011698 0.2367849 -0.3287703 0.143014 -0.1012499 0.06511054 -0.1000451 -0.05917595 0.3125556 -0.2395692 0.2316806 -0.3555756 -0.2948569 -0.0790392 0.3612366 0.09024139 0.07065089 -0.2850679 -0.04685957 0.1439077 0.03147948 -0.4334596 -0.07968592 0.2089424 
0.1527649 -0.2000461 -0.6064996 0.1755198 0.05040266 0.1372497 -0.2812744 -0.2435235 -0.2253221 -0.04290004 0.05385033 -0.1180671 -0.4909871 -0.364373 -0.3162431 -0.2203942 -0.1856293 -0.1929717 -0.5755673 0.2755742 0.3105288 0.4953168 -0.2014612 -0.4948603 -0.03602225 0.4694451 0.5579031 -0.3219843 -0.07910486 -0.05975232 -0.3954696 -0.5037716 -0.06387538 -0.3511787 0.4591865 -0.3260618 0.03344775 -0.03665152 0.1568223 -0.2072583 -0.2574683 0.0139948 0.4389542 0.08067386 -0.536605 0.2577202 -0.258618 -0.1205603 -0.2672299 -0.3977534 
-0.1599022 -0.4447192 -0.3887855 0.1085551 0.447631 0.0537817 0.360864 -0.4774654 -0.2632956 0.2769318 -0.1258963 0.2599936 0.573016 -0.4496892 -0.008722055 0.02944878 0.4613685 0.4293638 -0.03937367 0.2820251 0.3444484 0.3534699 -0.02001481 0.2650574 0.105863 -0.01119054 -0.3860748 0.1057819 0.4386649 0.3451443 -0.1172208 0.1269493 -0.2464612 -0.2848422 0.5445523 0.3240707 -0.4060101 0.2834406 -0.120403 -0.1579845 -0.1937076 -0.1072368 -0.3172025 -0.4520595 0.4058698 -0.240097 -0.08822516 0.3186371 -0.3850979 0.2229386 
0.1953067 0.1444487 -0.4254408 -0.283002 -0.2084988 0.07911585 0.1111114 -0.1048909 -0.5462235 -0.04777079 0.1709278 -0.2410258 -0.5694202 -0.1811827 -0.1910865 0.4285659 0.02108822 0.3051357 -0.4934107 0.2437652 -0.2159065 -0.2371565 0.013705 -0.6193064 -0.01149476 -0.1421213 0.009293585 0.02444995 0.3147832 -0.2649392 -0.428627 -0.1881229 -0.07368519 -0.2779745 -0.4537895 0.423533 -0.1231693 -0.4970652 0.3938977 -0.1217928 -0.2286707 0.2939194 0.2792493 0.4462639 0.1664151 -0.2938388 -0.04798676 0.5074767 0.3185388 0.3903666 
0.2219073 0.3016024 0.04567845 0.06529298 -0.06301695 0.1892538 -0.4895176 -0.2624215 0.3586424 0.5482635 0.5892214 -0.4075172 -0.05797102 0.3922313 0.1355706 -0.2675184 0.374738 0.3536842 -0.3568738 -0.002384941 0.1268284 0.208984 0.465012 0.2255632 0.1009432 -0.09825009 -0.1549713 -0.0918997 -0.1959545 -0.2308694 0.5093762 0.107117 0.2286748 0.4135654 -0.0895737 -0.04519274 0.3096179 0.4820488 0.289873 0.03331187 0.4300121 -0.06590093 -0.09508088 0.359094 -0.03414258 -0.1756356 -0.4075597 0.5783476 0.06194149 -0.03752329 
#
-0.2530583 -0.03328675 0.4210188 0.03760603 -0.05552056 -0.2529751 -0.0111271 0.09877738 0.2298383 0.2921844 -0.6477355 0.3600626 0.5089408 0.1911419 -0.3608035 -0.1993252 -0.5024664 -0.08402628 0.1964766 -0.4181599 0.2795089 0.08510512 -0.03332644 0.2619884 -0.03174119 -0.2311748 -0.3576718 -0.5050272 -0.2681094 -0.1436137 -0.2388837 -0.003966521 -0.3750949 0.05528118 0.2827592 -0.1882652 0.4092126 -0.31701 -0.2413448 -0.4043165 0.04963037 0.5097214 0.2406129 -0.3505943 -0.4311775 -0.3389325 -0.2310757 0.5570562 0.08176967 0.6492717 
0.3076093 -0.3399979 -0.1844419 -0.2090363 0.3124362 -0.2613551 0.2525192 0.09098088 0.2502192 -0.575947 -0.3520467 0.1712499 0.0714283 0.09244841 0.3259441 0.0009441588 0.05964962 0.3069994 -0.04290188 0.2192171 0.06579077 0.01859052 -0.4339984 -0.3860134 -0.2236692 0.5553011 0.0781097 0.3127828 -0.2822186 0.09846926 0.3328562 0.07064891 0.3429979 -0.1912871 -0.2478889 0.2971549 -0.5989801 0.1821359 -0.0144865 0.1212926 -0.1949065 0.5601694 0.4095993 0.09386475 0.1477178 0.1779747 -0.1360634 -0.1193348 -0.3724394 0.2458309 
#
##### Level: 5  Time: 19.998 #####
##### 2022/12/19 16:4:33 ##### Type: Tanh
