##### 2022/12/19 15:35:40 ##### Type: Tanh
-0.595653 0.01805741 0.3349712 -0.4922606 -0.7794487 -0.3406106 0.3005252 
0.02785067 -0.8804553 -0.2322299 -0.3192217 1.382032 0.03227913 -0.3365184 
1.318835 1.056547 1.947534 1.079574 -2.783119 1.576799 0.9859825 
0.1827123 -0.1811213 -0.1166399 1.130431 1.173038 0.4338074 0.3897463 
-0.09785917 0.4420279 0.9115694 2.155587 2.23553 1.266689 1.376011 
-1.662173 -0.1393072 -0.4033234 0.181471 1.457365 -0.3933745 -0.07689263 
-0.8435535 -0.1960731 -0.6053602 -0.8680419 -0.02545737 0.0864327 -0.5988648 
0.4472516 0.304836 -0.6030988 0.5885565 1.202766 -0.01455029 -0.4789657 
-0.4438328 1.137783 0.3103555 0.5372396 1.054422 0.3825153 0.1735447 
-0.4593507 -0.3093458 -0.1018886 1.375873 2.527447 1.010575 1.05516 
-0.09854504 0.07271553 -0.1835542 -0.1831997 0.959358 -0.1764462 -0.1163534 
-1.554936 -0.3765433 -0.4719516 -0.6622435 -0.05585308 -0.2346725 0.08320292 
0.8937289 1.939101 0.6002424 -0.1293732 -0.2880575 0.5242749 1.183954 
0.02436955 -0.00142536 -0.1321893 0.5595318 1.957267 -0.09468358 1.149984 
-0.2262084 -0.3786739 -0.1683047 0.8704161 2.252775 0.07070982 -0.4512824 
0.9069517 2.283648 1.874851 1.170217 -2.957926 1.276866 0.7562015 
0.08106319 0.521215 0.5397673 1.523167 1.522122 0.3594898 0.1637472 
-0.2018552 -0.5155019 0.1520802 1.184558 0.9468638 0.8902057 0.7232842 
2.023994 1.971438 2.100057 1.337715 -3.511908 1.401725 0.895961 
0.03787436 -0.5050611 -0.3621385 0.704428 0.7262614 0.426938 0.4206233 
-1.012402 -0.7972198 -0.7034624 2.018697 5.837665 0.7626631 -0.1767489 
-0.4163755 0.3757985 -0.586026 -0.3603935 1.494931 0.2819156 -0.04282524 
0.6848351 -0.2711717 -0.2122962 -0.3011245 1.81602 -0.6596105 -0.317407 
0.57807 1.367049 0.8291956 0.2239373 -1.2369 1.257356 0.3322903 
-0.2739348 -0.4793272 -0.4064109 1.531392 2.379397 0.6035137 0.7589833 
0.4775119 0.6192275 -0.2827272 -0.524491 -3.145769 0.281343 -0.1206753 
-0.3620689 0.2172175 0.2582333 -0.6373569 -1.046521 -0.6820153 0.1128301 
0.350629 1.290468 0.529254 0.5633662 -0.9625507 -0.7517788 -0.2102877 
0.168869 -0.06561097 -0.4268666 -1.625773 -1.012807 0.3781046 -0.3443183 
-0.3199287 -0.872591 -0.7114422 -0.8711467 -0.7556803 -0.4062645 0.05806776 
0.5959603 0.06515367 -0.1380905 -0.7015085 0.4166257 -0.4333862 -0.3492489 
-0.4099954 -0.0561915 0.1693277 0.5375856 1.372221 0.9374014 0.7982848 
0.1379089 -0.06045223 -0.2259986 -0.5649123 -0.8823816 0.01384751 0.3040898 
1.104698 0.3131936 0.9600834 0.3199027 0.3635328 0.4202971 -0.0466099 
-0.1731597 0.6531126 0.2473714 0.4088272 -0.5254977 0.5792214 -0.04229492 
-0.8960935 0.04404119 0.31232 1.231595 1.850799 0.05019539 0.5675939 
-0.5592095 -0.002640486 -0.372734 0.4518216 1.661424 0.6721237 -0.4912356 
-0.5155745 -0.3084054 0.2627684 1.06585 1.349175 1.109988 1.281784 
-0.5896379 0.04442713 0.2667275 -0.09228238 -0.2860832 -0.378539 0.1875637 
-0.2595519 0.2404184 0.4662119 0.2252199 -0.01085746 -0.1517299 0.5683509 
-0.1496 -0.2787978 0.171593 0.4045154 1.647795 -0.2053719 -0.1707207 
-0.05467307 -0.3102818 -0.657546 -0.1982104 2.115531 0.09610839 -0.05267076 
0.4397509 -0.4937246 -0.5210935 -0.2031286 2.181909 -0.133258 -0.3093652 
0.9860884 0.04814101 0.09151633 0.2969539 -0.2531919 -0.120233 -0.478164 
-0.06637194 0.2228333 0.1453022 3.167691 3.201303 0.7815193 2.30537 
0.2920748 -0.09985929 -0.2861184 -0.2206753 1.041606 -0.1028863 -0.02142718 
1.023285 0.8628239 0.9429916 0.1019037 -0.2763128 -0.2532724 0.09502155 
-0.3116469 0.04243955 0.4326267 0.9692867 0.6012698 0.5762353 -0.03760045 
-1.020241 -0.8280169 -0.4035353 -0.9651755 1.203515 0.03701312 -1.086993 
1.052617 0.2036131 0.6191779 0.7492859 -0.2162291 0.4010837 0.5203316 
#
0.08611731 -0.40962 -0.4322018 0.2349612 0.4885767 -0.005401065 0.2600591 -0.3218299 -0.07348241 -0.2147593 0.0366336 -0.1472141 -0.05666453 -0.3746864 -0.1222802 -0.3453142 0.3793314 0.4206719 0.02699535 -0.03033908 -0.06220139 0.2970074 -0.1076541 0.3260776 0.07258808 -0.1446762 -0.1548275 0.1908392 0.09268776 -0.4100319 -0.05915709 -0.4500254 -0.1196972 -0.1490986 0.2495696 -0.1916058 0.4534824 -0.2967519 -0.1746823 -0.1467384 -0.01271373 -0.2360969 -0.2325584 0.1028466 0.3261547 -0.0439063 0.07280407 -0.4466093 -0.3740884 -0.426958 
0.4016595 0.4115138 -0.3789001 -0.101521 -0.06584188 0.2751889 0.2982929 -0.2523622 -0.3469766 0.05989214 -0.327168 -0.3457883 0.0333615 -0.2193953 0.2134229 0.05720979 -0.5052789 -0.4148535 -0.1068882 -0.4099818 -0.387854 0.1397456 0.03439799 -0.3342149 0.4211668 -0.3252648 0.09789178 0.2523683 0.4815906 -0.4045701 0.3363841 -0.1664105 -0.05249378 0.07612875 -0.2659044 0.08122507 0.4492682 0.4643254 0.3739654 0.4097386 -0.009750371 0.1664516 -0.491799 0.2847613 -0.3575019 -0.1762152 0.209832 0.42281 0.3428321 -0.2451952 
-0.1264503 -0.02329901 0.1168039 -0.3192604 0.4659059 -0.2919946 -0.1614796 0.4887688 0.03189581 -0.1594407 -0.3196031 -0.5083097 -0.1860591 -0.4003572 0.304083 0.3250158 0.2657162 0.5127351 -0.4740501 -0.3238916 0.1478857 -0.402422 -0.2701266 -0.03489701 0.1689664 -0.0912654 0.1032253 0.2468239 0.4086758 0.08151011 -0.02339401 0.2156946 0.3750175 0.2435736 0.218577 -0.0401788 0.2548722 -0.1201219 0.1337078 -0.4168018 -0.3311797 -0.4802229 -0.003193698 0.1115193 0.2410422 -0.02625535 -0.114541 0.5066695 -0.4572911 -0.1052148 
0.0993259 0.1772045 0.4652153 0.2112531 0.208924 -0.2091334 -0.3108976 -0.2724671 0.02397915 -0.03093784 0.0247527 0.1327939 0.4784256 0.3805177 0.3195548 0.145981 -0.3696617 0.1029684 -0.02496396 -0.1735226 -0.3626142 -0.1321223 -0.2636701 0.5451533 0.4616338 0.04927617 0.02120098 0.1635047 0.2508645 -0.3517185 -0.4749368 0.2348416 0.1677731 0.1388447 0.5259888 0.2402686 0.2667135 -0.2440167 -0.4843749 -0.2272205 -0.3280736 -0.08802325 0.2787244 -0.282132 0.009346688 0.03492261 -0.4259688 0.1624087 0.2607535 -0.3729292 
-0.1248755 0.3074024 0.07294448 0.2089617 -0.3207557 -0.2607474 -0.007152722 0.3830802 0.2554011 -0.3840155 0.3967036 0.06576414 -0.08146935 -0.153708 -0.1259789 0.3554244 0.4350934 -0.1942221 0.3993842 -0.4332149 0.2900055 0.3105008 0.08797491 -0.3626279 -0.3813997 0.1771349 0.1066472 -0.4145554 0.03087178 -0.1243682 0.02053554 0.3737597 0.3883608 0.1645607 0.2823077 -0.2555303 -0.3298925 0.4309369 -0.0282746 0.2436892 -0.2239764 0.3384723 -0.06526716 0.371048 -0.1406048 0.1133107 -0.4431725 -0.06815884 0.3696872 0.1192805 
0.0965536 0.2382829 0.3039772 0.1807738 -0.2028712 0.005358212 -0.2567036 -0.08057305 0.08231317 0.04951943 0.145954 -0.08005142 -0.135445 -0.1129885 0.1234219 0.4705261 0.1809444 0.2721732 0.05524503 -0.4031577 0.1670361 -0.5392999 0.4444012 -0.3732916 0.357746 0.4516843 -0.1164482 0.1856576 0.2496519 0.01690781 0.137542 -0.3612398 -0.305665 0.3587977 0.2643983 0.2683597 -0.3694035 -0.2755302 -0.1016915 -0.1633662 -0.4619109 0.2527423 -0.1371361 0.3702042 -0.3901442 0.3272622 -0.02781751 -0.396891 -0.255642 -0.09414767 
0.4788559 -0.2666133 0.5215459 0.2212827 0.4508877 0.01647123 0.3401692 0.1212218 0.3176191 -0.1931944 -0.4054475 0.03198295 0.1912782 -0.4181593 0.3476549 0.1189178 -0.2966681 -0.005608749 0.2176091 0.3877429 0.2878372 -0.09119505 -0.1116311 -0.2034094 -0.4415829 0.4544218 0.1833641 -0.4744285 -0.4572358 -0.5112237 -0.03669428 -0.2464806 -0.01909798 -0.1264624 0.01401614 -0.1678425 -0.2691368 -0.07203009 0.3986284 -0.343057 0.4513119 0.009692448 -0.1010702 -0.474474 -0.2882152 -0.04538134 -0.3550392 -0.2484467 0.4202519 0.03960643 
0.1797206 0.3729507 0.1743826 -0.2489665 -0.02165744 -0.1261695 0.4362069 0.07077178 0.1266499 -0.5359561 0.5059137 0.2922911 0.1705949 0.2701003 0.204229 0.407134 -0.4822839 -0.3076488 0.1486285 0.033464 -0.3492992 0.1772998 0.1593041 0.01173233 0.3720633 -0.08483309 -0.3289614 -0.1410076 -0.4083154 0.06933559 0.3147872 -0.2322033 -0.3778787 -0.05663043 -0.168469 -0.02551744 0.2020807 -0.464406 0.3387699 -0.4989628 0.001759125 0.1342993 0.299925 0.3056214 -0.3802633 -0.3831584 0.4336221 0.01710779 -0.355185 -0.1746773 
-0.06060845 0.2713841 0.4398429 -0.1617664 -0.2707595 0.2180256 -0.1645427 -0.4964589 -0.148778 -0.3490023 -0.01128973 0.01911243 0.1964538 -0.4660472 -0.4039441 0.1947225 0.1900863 -0.4208239 -0.01126611 -0.2383334 -0.5803896 0.4018377 0.0360704 0.02756496 -0.4887219 0.2241056 0.5801938 0.3211196 -0.1886208 0.27444 -0.05965699 -0.1100924 -0.3052132 0.08846185 -0.3595913 -0.5481886 0.0256784 0.05610557 -0.3271241 0.06059088 -0.1843049 0.2651786 0.2753022 0.03667073 0.04538229 0.432886 0.5522972 0.15092 0.0437521 0.001915815 
-0.189253 0.1119612 -0.1469398 0.4902852 -0.04116828 -0.261338 -0.2407136 -0.1450455 -0.1172207 0.2005185 0.2661428 -0.06422817 0.4109678 0.1233898 0.2920046 0.4765653 -0.02543136 -0.401775 0.3383294 -0.3400132 -0.4602544 -0.4106664 -0.4297745 0.3592943 -0.4372617 -0.2432133 -0.2820454 0.5423706 0.2865664 -0.3833724 0.1950932 -0.1935242 -0.3880806 0.1864561 0.02702875 0.3029329 -0.202284 -0.2448092 -0.326242 0.4334522 0.2072888 -0.2990834 -0.2835804 -0.0002277926 0.3284822 0.361889 0.525422 -0.2493032 0.2476586 0.1865831 
-0.029099 0.4156232 0.2209633 -0.02579158 0.1383758 -0.08725987 0.1401065 -0.02631778 0.5042849 -0.3606757 -0.3633402 -0.1029838 -0.1079825 -0.2931639 0.6040606 -0.04557142 -0.1773169 -0.27321 -0.5401465 -0.517773 0.3161722 -0.2092811 0.3459318 0.3393359 0.02090171 0.1630191 0.2553534 0.03211722 0.444543 -0.2537848 -0.05673174 -0.4041463 -0.3957165 -0.316542 0.1372496 0.3118847 -0.09734646 0.331444 -0.3907374 -0.2404107 -0.426044 0.2921307 -0.2813168 -0.4625987 0.2699381 -0.1186104 0.2602392 -0.4091648 0.1587991 -0.3022425 
0.02490721 0.2378877 -0.5347827 0.2802937 0.4519709 -0.1412227 -0.4536924 0.4908001 0.4887822 0.3790955 -0.1109927 -0.3302129 -0.08558516 0.2391059 0.2442735 -0.5104686 -0.2609251 -0.2101158 -0.06687392 -0.3085478 -0.1920289 0.04464637 -0.3999465 0.3330458 0.4698468 0.3950545 0.4248722 0.2471888 -0.2840749 -0.3484306 0.4126158 0.2195169 -0.5162358 0.2902125 0.1934662 0.233425 0.4890712 -0.1156879 -0.2505924 -0.153455 0.1950125 -0.1789888 0.3251278 -0.3094766 0.3436113 0.4741446 -0.2133489 0.06185622 -0.001251258 0.1542444 
-0.3734805 0.07750061 0.07107116 -0.1495628 0.4259503 -0.4908918 0.05326925 -0.2627329 0.340186 -0.4695995 -0.1624053 -0.2541607 0.2897374 0.3566954 0.5153755 0.2341451 -0.3561224 0.1564677 -0.3952208 0.4696647 -0.3418962 0.4063907 -0.536368 -0.2498193 0.001422016 0.434553 0.1575176 0.4592094 -0.4817826 -0.5034234 0.06451555 -0.07098042 -0.1443169 0.1236213 0.498237 -0.1979908 -0.3635211 0.1720377 0.3820462 0.1111726 -0.3678071 0.2195013 0.05509796 -0.2455789 0.5029247 -0.04390635 0.04599639 0.513832 -0.3314059 -0.3518935 
0.3180302 0.2186522 -0.08275465 -0.0217683 -0.02031188 -0.2115908 0.08663101 -0.1268237 0.3538384 0.465677 -0.111464 0.1436357 -0.2983218 0.2826161 -0.04486894 0.388427 0.4022795 -0.3497785 0.3396381 0.1994123 0.08264498 -0.01397315 0.2327078 -0.03931233 0.2809255 -0.07392132 -0.1990417 0.2606547 -0.2807293 -0.4388715 -0.1174677 0.1800498 0.2565876 0.3867454 -0.2955506 0.3700485 0.4455784 0.3537442 -0.3806982 0.1767695 0.2090062 0.2275407 0.3205327 0.4277984 -0.2825888 0.05280533 -0.01205473 0.2591635 0.3140664 -0.4450663 
0.03404109 -0.1082873 -0.3547153 -0.007364778 0.0416762 -0.1837377 0.4432679 0.4940143 0.199629 -0.4335912 0.4835514 0.2974093 -0.3185152 0.2986288 0.1087105 0.2101643 0.3711521 -0.1925863 0.09925137 0.06817749 0.4756357 -0.3962236 -0.4763999 -0.3018873 0.4835492 0.3605289 0.1706854 0.2980929 -0.2585199 -0.2525863 0.3831269 0.01941704 0.4895886 -0.346101 0.01935424 0.4443845 0.1181283 -0.2510484 -0.1487825 0.3799931 0.430091 0.4600946 -0.3466661 -0.43365 0.1968014 0.3536395 0.02596049 -0.4792069 -0.194861 0.0349141 
0.1523043 -0.3036515 -0.3215359 -0.2662995 -0.4179444 0.003690955 -0.1132909 0.4037616 0.005324685 0.178582 0.1781148 -0.3613616 0.2637103 -0.06615829 -0.3565271 -0.05920225 0.3260002 -0.4688249 -0.2372134 0.1644335 -0.4081088 0.1229111 0.4636163 0.1954157 0.1350115 -0.4722282 0.3822187 0.4876983 -0.008670991 -0.4234875 -0.157514 0.1481774 0.01031995 0.2052733 0.1038168 0.2187247 -0.1803387 0.242168 -0.4347245 -0.4699145 0.06972037 0.1911907 0.2578734 0.1729686 -0.2970838 0.2930478 -0.3121804 0.2210022 0.3895572 -0.2666783 
-0.4660559 0.004353204 0.2178921 0.1993392 -0.01828378 -0.4982916 -0.3025967 0.02396482 0.1379739 -0.3889782 0.05618669 -0.1500137 -0.06273104 -0.03990776 -0.09783658 -0.4380539 0.1832595 -0.3953304 0.3512162 -0.03517208 -0.3177055 -0.3672734 0.4402139 -0.2169933 -0.3628793 -0.1175972 0.3343291 -0.200504 -0.05016088 0.3313915 0.2990732 -0.3040471 -0.4167733 -0.2176789 -0.446207 0.3662834 0.4855735 0.4000306 -0.2610865 0.1229167 -0.03625399 0.3333856 -0.3637149 -0.4801194 -0.02094918 -0.3076437 -0.24772 -0.1384944 -0.2045371 -0.2718836 
-0.3473568 -0.3964912 0.573842 -0.05687261 -0.3933045 0.4163196 0.04180056 -0.03741356 0.04746183 -0.490271 -0.3589665 0.4089843 0.5351811 0.2505314 -0.3123155 0.06993543 -0.2429899 -0.3545698 0.05340871 0.04012897 -0.4268542 0.2474906 0.2907448 -0.2111193 0.4425714 -0.2117134 0.4577071 0.4930997 0.3298717 0.3491709 -0.4088953 0.05469564 0.4904045 -0.1570226 0.1849147 0.1733086 -0.2768861 0.159067 -0.358203 -0.4936818 -0.2040326 -0.03002256 -0.2105933 -0.2642093 -0.06899335 0.02334139 0.3988151 -0.1155576 0.1919853 0.4564108 
0.432573 -0.3822559 0.350541 0.2827247 -0.412787 -0.1228359 -0.1410431 0.1839097 0.01535405 0.3363957 -0.4445323 0.07710032 0.1433401 0.174296 0.3867065 0.05673614 0.4682795 0.1765028 -0.4929604 0.06092715 -0.2646617 0.1188567 -0.4745491 -0.0840012 -0.2429166 0.1236118 -0.01164545 0.0267346 0.2923097 -0.0972038 -0.0625836 0.04019341 -0.2920173 0.346251 0.4683042 -0.4432418 0.1823829 -0.3060642 -0.2700152 -0.1544829 -0.1781508 0.04423017 -0.3280286 -0.1997236 0.4498336 0.2281121 0.3124895 0.1242163 -0.09527079 0.3490969 
0.0865982 -0.1952188 -0.2847153 -0.3073242 0.2470499 -0.04069374 -0.3680272 -0.06339822 0.0203108 -0.05003235 0.3818563 0.3168916 0.4326896 -0.3790862 -0.06315249 -0.1543072 -0.1393244 0.2867066 0.05049616 0.2973452 0.3931104 0.3232577 0.04534002 0.05705286 -0.2659833 0.1791196 -0.06691254 0.1907043 -0.02165533 -0.003541165 0.4230742 0.3630163 -0.3214561 0.4808357 0.3029314 -0.2681845 -0.3977852 -0.491395 -0.35686 0.138745 0.4854353 -0.2384807 0.2723628 0.2691247 -0.03246522 0.09019239 0.1252476 -0.4725716 0.385106 -0.1155642 
-0.1923791 -0.4579617 0.3340669 0.1233348 0.479436 0.3285713 0.2166975 0.1876072 0.4651318 -0.3963417 0.3686 -0.1396224 0.4823128 0.5017892 0.176976 -0.5567569 0.2102454 0.5033303 -0.2858917 -0.3096588 -0.09863384 -0.09189259 0.1988095 -0.4540532 0.3609174 0.1540293 -0.4394707 0.1701876 -0.3133523 0.251752 -0.4183063 -0.08714455 0.3038251 -0.4585368 -0.2338105 0.328836 0.4822646 0.100795 -0.5274826 -0.4560771 -0.04188415 -0.01357529 -0.4362577 -0.4496325 0.2633188 0.1881295 -0.3201946 0.2451815 -0.3309198 0.02129496 
0.4465208 0.1848971 0.3292232 0.09679504 -0.5181757 0.4165487 -0.08716086 0.2335357 0.2200596 -0.3704089 0.3003115 -0.3902384 -0.025754 -0.3557457 -0.5783923 0.03442999 -0.09949587 0.3202779 0.2966758 0.2933697 -0.5728544 -0.3859723 0.4084192 -0.1613212 0.07520113 0.4332183 -0.07770067 0.1305373 -0.0304349 -0.2907857 -0.02513997 -0.1976298 0.1342367 0.2005141 0.2646285 -0.2668321 0.01153053 -0.4836385 0.4679866 -0.3998556 0.002550121 -0.280485 0.3206773 0.1992549 -0.2971222 -0.06348296 -0.4316104 0.2183394 -0.4769585 -0.4382925 
-0.3090273 -0.1197116 0.166408 -0.2766742 -0.1356701 0.3962436 0.2918914 -0.04844774 -0.4795826 -0.2934598 0.2503774 0.2577847 -0.1114217 0.04182358 0.3238137 -0.4937158 -0.01629359 0.1471852 -0.4354378 0.1404775 0.4122007 -0.09270076 0.5370172 -0.05831015 -0.1783019 0.4288588 -0.160068 -0.4245304 0.5156897 -0.1384094 0.3837553 -0.08270609 0.1841196 -0.4122716 -0.5190797 -0.354065 -0.02784214 -0.3206876 -0.1329376 -0.3792123 0.101271 -0.361611 -0.3351079 0.1794302 -0.04326479 0.4096185 0.1055788 -0.358281 -0.3652749 -0.4979742 
0.3793215 -0.1228138 0.01643475 -0.1814383 -0.262032 0.2362972 -0.2100334 -0.1489436 0.406024 0.002671915 -0.08262786 0.06026577 0.07211081 0.2639489 0.009222002 -0.2875878 0.4882798 -0.2020963 0.01969828 0.04757831 0.2580332 -0.2146956 -0.1350224 -0.3269197 -0.4243096 0.3740927 -0.2171189 -0.1689537 -0.4497069 0.06422587 -0.2106587 -0.4191779 -0.3200153 0.4288824 -0.1101556 -0.1565604 0.4856159 -0.1740511 0.430079 -0.1773063 0.4393651 -0.3809028 -0.153308 0.328645 0.2360655 -0.4574855 0.02172663 -0.1531197 -0.3331144 -0.2072949 
0.3095907 -0.1469997 0.1934564 -0.04606029 -0.2388353 0.06665577 -0.4614296 -0.1901383 -0.2502028 -0.1274972 -0.03980698 0.4481401 -0.1849853 -0.1687701 -0.2471065 -0.1635782 -0.1189436 0.1458247 -0.1354514 -0.3234146 -0.2755814 0.1628713 -0.1108214 -0.2891943 0.1181845 0.1199009 0.4623188 0.0438657 -0.07051895 -0.4575884 -0.1212585 0.4300537 -0.3410704 0.2434934 0.2686031 0.4200959 -0.1033737 0.2374348 0.1563503 0.3324465 -0.1891935 0.1904287 -0.4084662 0.05701289 0.3549821 0.4877426 0.3468319 -0.4787752 0.06639225 -0.0813008 
0.1955087 0.3315311 0.462257 0.4444082 -0.457151 -0.2880512 0.4473722 -0.02776396 0.2636419 0.09465627 0.1505553 0.03335388 0.325332 -0.376283 0.4222378 0.02699586 0.2518598 0.03939354 0.04080338 -0.1670977 0.389063 0.2462639 0.4223687 -0.007922741 0.3209325 0.1044098 0.124096 0.2799033 -0.1068898 0.192158 0.2911773 0.414563 0.5128998 -0.5398982 -0.1474386 -0.03145384 0.4060444 -0.3616263 0.1480092 0.04543259 0.4521279 0.4683352 0.393244 -0.4561187 -0.3148472 0.2049543 0.2537147 0.3781652 0.03752432 -0.1910697 
-0.2211409 -0.2379657 -0.04554206 -0.3507858 -0.1139722 -0.5156013 0.4824699 -0.1230386 -0.4527015 -0.04259319 0.161356 -0.3017165 -0.343605 -0.3826582 0.254989 0.1515884 -0.05650791 0.2532178 0.3051287 -0.09087832 0.01781975 0.1627025 0.365732 0.4708433 -0.2147849 -0.3737634 0.3341343 0.3752265 -0.1032833 -0.393311 0.2160289 0.0844429 -0.1032397 -0.5286567 -0.1396876 -0.08208167 -0.05069226 0.139532 0.03814863 -0.2075719 0.1302206 0.05526592 -0.4079224 -0.4847879 -0.5564625 0.3091766 0.1785295 0.1162537 -0.2721488 -0.02498927 
-0.1893658 0.3668184 -0.3293542 -0.4676102 0.1781743 0.08179938 -0.1247367 -0.01402984 0.3511273 -0.1001289 -0.2191571 0.4394572 -0.393575 -0.4703943 0.2984543 0.5273293 0.3131121 -0.4325005 0.3840475 -0.1924114 -0.3846115 0.2576771 -0.2483286 -0.008314864 0.3326122 -0.317547 0.1141256 0.3813118 0.4480575 0.06794204 -0.2107116 -0.4760248 0.2755272 0.2081644 0.2574851 0.231693 0.09443883 -0.3134553 -0.1175992 0.327451 -0.3154668 0.4197259 0.2601729 -0.4075533 -0.423844 0.08290914 -0.1769941 0.469865 -0.2301633 -0.3934989 
0.4744466 0.1413399 0.4037641 0.3386759 -0.07209074 -0.02240316 0.1352616 0.1777324 -0.3002411 0.08838551 -0.4840645 0.04174969 0.07785389 -0.1773674 -0.3724537 -0.2708351 -0.3380446 -0.07068469 -0.1962087 -0.4286698 -0.1889628 0.1161223 0.2781483 0.3657683 -0.2931324 -0.3231386 0.4346866 -0.2895266 -0.1906348 -0.3176081 0.3437074 0.0884947 0.006297765 0.28531 0.04520239 0.1483496 -0.3981099 0.4625081 -0.1981864 -0.2023219 -0.4051098 0.4085993 -0.4482222 0.2509411 0.353023 0.110431 -0.07355706 0.02662079 0.4697391 0.4030406 
0.07602094 0.3780472 0.1794911 -0.3095098 0.2800889 -0.1814139 0.4003631 -0.5052429 0.1203379 -0.2691458 0.0628821 -0.05117163 -0.1308271 -0.4932796 0.2335013 -0.04339802 -0.5039858 0.264678 0.2714514 0.005024172 -0.4321297 -0.2772195 -0.409221 0.5293288 0.4157842 -0.06246728 0.1383969 -0.4818947 -0.4098733 0.09790653 0.2418647 -0.1358241 -0.234851 -0.08150031 0.0959923 0.3897572 0.3688663 -0.2248203 0.4563305 -0.3343452 0.2443432 -0.3744381 -0.1591229 -0.4461594 0.2375018 0.1858734 0.06033713 0.4627008 0.4749954 -0.1295244 
0.03390557 0.1213467 0.328224 0.01107191 0.3396945 -0.2135733 0.2646153 0.2112224 -0.228836 -0.04792851 0.215424 0.3262255 0.501525 -0.4270857 0.01702602 -0.3491186 -0.2452937 0.4547889 -0.06826019 0.3924292 0.09274363 0.2168915 0.3348742 0.02621762 0.2943862 0.4556209 0.3331338 -0.4477674 -0.3106006 -0.2722203 0.2511254 0.1651801 -0.4979901 0.2067885 -0.440568 -0.3364635 0.1106171 0.3085012 0.1104114 -0.1886607 -0.3832335 -0.3113816 -0.4727934 0.1061349 -0.007697538 0.3940309 -0.3465785 -0.1886129 -0.006904143 0.1582834 
-0.1253808 0.1935538 0.1949312 -0.2626326 0.4384589 0.2180441 0.2231771 -0.1900014 0.2670158 0.383654 -0.1006492 0.180693 -0.007641851 -0.4121363 0.1229607 -0.3009776 0.4327995 -0.09685953 -0.403296 0.002065922 0.1205449 -0.06934828 -0.2033592 -0.3111146 0.3056094 -0.2567672 0.09007688 -0.289221 -0.4748054 0.2965049 0.2520796 0.1872896 -0.07137695 0.1834881 0.414616 -0.2497919 -0.4246079 0.4605635 0.2578622 -0.2521875 -0.2333571 -0.2189622 -0.4139369 0.4010965 0.3946401 -0.09905948 0.3225047 -0.3636288 0.421601 -0.08391806 
-0.3899012 0.2934872 -0.2555408 -0.4295532 -0.4763005 -0.535018 -0.08954339 -0.1315574 -0.09331663 -0.05101804 -0.2682662 0.09186808 -0.3652864 0.2931412 0.379816 0.3563432 -0.3215287 0.2790299 -0.3047673 -0.07492119 -0.4768481 0.5180046 -0.04284055 0.3680028 -0.4834951 -0.2839807 -0.03069638 -0.06744719 -0.1019059 -0.1339847 0.06749716 0.1012506 -0.1796071 0.2518905 0.2639191 -0.5226923 -0.1990531 -0.2033418 0.006156855 0.2153869 0.2780354 0.1675878 -0.04556763 -0.2153997 0.4305952 0.2489344 -0.2506991 -0.3556355 0.388261 0.3808781 
-0.2954113 0.4686565 0.2329424 -0.01143892 -0.339122 -0.3545724 -0.1045847 -0.1679178 -0.4815496 0.36057 0.1908513 0.5124066 -0.4252502 -0.4555131 0.420307 -0.1467794 -0.2779945 -0.2491773 -0.6149155 0.3307595 -0.0420164 0.3466995 -0.1360113 -0.1414229 0.06178156 0.01260462 0.09556103 -0.3487172 0.4351295 -0.1209669 0.4645996 -0.3789108 0.07907622 -0.1650852 -0.3771075 0.06528791 0.2605859 0.1117384 0.09901719 0.2113223 0.2366328 0.4749675 -0.1458195 0.05097398 -0.4104406 0.3934119 -0.01555699 -0.2382902 -0.08590512 -0.07343277 
0.01135872 0.4907402 -0.3836072 -0.5229788 -0.1531576 -0.2383458 0.153533 -0.1361822 0.407653 0.2155774 0.07112086 -0.3261914 0.04955204 0.1961065 -0.4767239 -0.1366268 -0.1407225 0.16025 0.3169433 -0.2368112 0.1050643 0.1015783 0.2620912 -0.2359247 -0.3903054 0.1457485 0.1278608 0.2176826 -0.2029378 0.3204546 0.4938661 -0.3777596 0.4090159 -0.1726137 0.3185353 0.3832014 -0.484175 -0.06043294 0.5407761 0.4305292 -0.4368156 -0.01656675 0.2546594 0.2611923 -0.3304092 0.09091149 -0.1441222 0.03812389 0.04468821 0.1964388 
-0.06227096 0.2735716 0.03926689 -0.4796127 0.3231449 0.3662014 -0.3404261 0.395345 0.3841573 0.2763975 0.1961373 0.3615835 -0.3428729 -0.3721358 0.2671462 -0.1188197 -0.2421015 -0.3203253 0.3852561 -0.4024439 -0.1201603 0.4060832 0.1382189 0.4669445 -0.2615688 -0.2683673 0.3628469 0.417307 -0.4444863 0.1142297 -0.284054 0.4669156 -0.2331396 -0.03121078 -0.1288395 -0.3413143 0.2271695 0.298649 -0.002328074 -0.4671327 0.2577849 -0.3410753 0.1348749 -0.3116669 -0.2157411 -0.3052119 -0.3023007 0.1405251 0.5118428 0.3739116 
-0.2390791 -0.4693298 0.5475872 -0.04807791 -0.09521148 -0.1878221 -0.5061567 0.1483963 0.3279858 0.152874 0.4510754 -0.3633984 0.3920748 -0.1803098 0.06755308 0.4269535 0.1589869 0.2176373 0.4821552 0.1327035 0.1859912 -0.07198701 0.1482643 0.484918 -0.09912886 -0.2462976 -0.213892 0.090116 0.04034735 -0.4748988 0.3682275 -0.2455453 -0.5338655 -0.2941284 -0.1699498 -0.4027778 -0.1704593 0.3761312 -0.37269 0.4308276 -0.408094 -0.4989405 -0.5543538 0.3886855 -0.4180446 -0.01731266 -0.2013626 -0.08707472 0.05009548 0.1572046 
0.0839592 0.05012007 0.4359638 -0.1442854 -0.2983856 0.3180222 -0.01003038 0.4256189 -0.4313711 -0.4121508 -0.3062511 0.02037206 -0.4727969 0.2397023 0.1304048 0.3214244 -0.3166354 0.2152341 -0.4611895 0.02115443 -0.04403288 0.3014413 0.02965391 0.3868024 0.02397205 0.0774879 -0.0793594 0.2822854 0.2734159 0.2669387 -0.4761979 0.4593193 0.3959426 0.4861402 -0.02388002 -0.06651381 -0.1767402 0.1796244 0.4723308 -0.05716141 0.04769422 -0.1794127 0.2707764 -0.437722 0.1859063 0.08370644 -0.4258929 -0.177445 -0.2270389 -0.2452791 
-0.05732275 0.07797427 -0.2560658 -0.4249152 -0.3748204 0.3415023 -0.4455858 -0.4870383 0.3413361 0.06205361 -0.03645024 0.2540502 -0.3648332 -0.2574902 -0.4462789 -0.3168982 0.08730371 -0.4968584 -0.312757 -0.312537 -0.03606854 0.0302622 0.2231755 0.07073615 0.4237989 -0.3478817 -0.4626876 -0.04228221 -0.2816332 0.4473406 0.0710921 -0.420863 0.01097809 0.01667926 -0.1618448 -0.02999664 0.09028362 0.2431307 0.2987682 0.1092598 -0.09089857 -0.2049712 0.3719575 -0.1232037 -0.5306393 0.3757451 -0.3298647 -0.03301894 -0.4408804 -0.1199014 
0.4409908 -0.4571396 -0.4954005 -0.3882282 0.2629498 0.4603018 0.2864247 0.2818429 -0.3958068 -0.4400688 0.3082754 0.03616682 0.3053208 0.3696943 -0.4139033 -0.2306442 -0.2376897 0.1073713 0.3465858 0.0230182 0.1544848 0.2912806 -0.2217846 0.05096516 0.3013414 -0.2204398 0.1452628 -0.1295373 0.04997775 -0.3007148 0.4319242 0.01218207 -0.06312001 0.2269726 0.4667144 -0.007342754 -0.4876022 -0.1046632 0.2784978 -0.04319011 0.2355931 0.3136145 0.1381371 0.2423036 0.3573603 0.3821994 -0.137014 0.4186491 -0.1791989 0.2185915 
0.08114295 0.1354516 0.06237414 -0.008230573 0.2560747 -0.3354111 0.3194883 -0.09663723 -0.2030709 -0.005136861 -0.2620387 -0.03097062 -0.3221007 -0.5070873 -0.4067619 -0.2558811 -0.4507139 -0.3987943 0.3634988 0.0957052 -0.3077865 0.3745502 0.324802 -0.11715 0.309811 0.325506 -0.2673669 -0.009969118 0.2857223 0.4146607 0.4173904 0.224232 -0.4476737 0.3452921 0.06029712 -0.1702154 0.3578987 0.460568 0.5326004 0.3440252 0.1753919 0.1620204 -0.4517363 -0.2064889 -0.262418 -0.2755871 0.1509574 0.1157717 0.1690026 0.02131042 
0.2308792 -0.1898243 -0.6694506 0.2732729 0.08941106 0.2453088 0.1927326 -0.2385474 0.210293 0.5567444 0.3234583 -0.1863526 0.1335149 -0.001485154 0.1945413 -0.0598052 -0.007248251 -0.03072228 -0.1518148 0.3661905 0.03948255 -0.3744883 -0.3217536 -0.5198536 0.532989 -0.06086868 0.1719781 0.05949228 -0.4233357 0.05644264 -0.2165644 0.1858664 0.2236503 -0.2150432 -0.3041484 0.2150957 0.2461542 -0.01886239 -0.2026225 0.4547246 -0.04165884 0.1282388 -0.1518284 -0.3701077 0.5527997 -0.03781279 -0.4864075 0.2794973 0.1746475 0.3820959 
0.3807048 -0.217912 -0.2813202 0.3423881 -0.3983078 0.2314605 -0.3411404 0.4063834 0.1607654 0.4198368 0.443528 -0.1658741 -0.5866774 -0.4510484 0.2610808 -0.172302 -0.01243986 -0.128164 -0.1814446 -0.5437739 0.2337614 -0.555375 0.4570954 0.03761572 -0.2977783 0.2655632 0.3341241 -0.4204502 -0.353358 0.1943706 -0.04581213 -0.3974827 0.3553727 -0.1442508 0.2061609 0.3272294 -0.1849335 0.4221698 -0.3574482 -0.1971346 0.02824487 0.2712993 0.1066466 -0.1468944 0.4285196 -0.2904462 0.1638616 -0.3444905 -0.2023559 0.1267824 
0.3779149 0.1056696 -0.1501398 0.09724147 0.4223543 0.3079419 -0.1261849 0.08119088 0.1408341 -0.1314262 0.4622059 -0.3824513 0.3032089 -0.3855572 -0.0587066 0.2474914 -0.1287073 0.03421447 -0.1306936 0.3924087 0.3898635 0.07997619 -0.2400031 0.4935016 -0.02477358 0.4662746 -0.07795256 0.04428622 0.1654502 0.4824459 -0.454033 0.07285744 0.3795263 -0.05989344 0.2595307 0.3115786 0.3117308 -0.3593501 -0.02416434 0.3540816 0.02748487 0.2613418 -0.2073096 0.1495608 -0.1407649 -0.1198587 -0.4973124 -0.01759409 0.5078614 -0.3810205 
0.345136 -0.4098189 0.3864062 -0.2219659 0.20324 -0.3062957 -0.1326059 -0.1332189 -0.4360433 -0.4898763 -0.01946581 0.2330142 -0.4700156 0.1624508 -0.1562369 -0.06533965 -0.2866148 -0.1954607 0.001634129 0.07081018 -0.4813298 -0.3128749 -0.3494737 0.05759262 -0.09891 -0.322114 -0.2504742 0.1005668 0.06407442 -0.4038597 0.3263318 0.352575 0.1452727 -0.0548236 -0.3982228 0.4026888 0.3228547 0.04759033 0.2776778 0.006751055 0.02783596 -0.07453409 -0.4061013 -0.1235053 -0.1013503 0.2616898 0.1993479 0.1063828 -0.2660217 -0.4138925 
-0.2842319 0.122268 -0.3050369 -0.123404 -0.3593395 0.1195945 0.4699661 -0.2452129 0.3481967 0.02215279 -0.4927323 0.2285221 0.3302204 -0.5224333 -0.4979373 0.2240567 -0.3779191 0.04615734 0.1488742 -0.01341761 -0.0803897 0.1681449 0.03873241 0.4399855 -0.4698295 0.1532068 -0.2979777 0.2319429 -0.3696574 0.09900273 -0.06486592 0.09761988 -0.1289163 -0.04930458 0.4152451 -0.2380593 0.2164796 -0.3283988 -0.2230529 -0.00898227 0.4530684 0.1011714 0.1602867 -0.289882 -0.005027779 0.1970538 0.05400157 -0.4332316 -0.1760236 0.2743968 
0.2000766 -0.2324906 -0.5829005 0.2124074 0.0868024 0.1636967 -0.3292328 -0.2429929 -0.1712241 -0.001129585 0.01058499 -0.1623662 -0.4480204 -0.3168414 -0.3184544 -0.2140333 -0.1466536 -0.1631007 -0.5334182 0.2247047 0.3540859 0.5032017 -0.2523703 -0.5145293 -0.006931559 0.4360453 0.5216146 -0.3001659 -0.1189616 -0.09872965 -0.4274173 -0.4705452 -0.1092988 -0.2929983 0.4612315 -0.3006475 0.06419875 0.0004981171 0.2824216 -0.1647929 -0.2939091 -0.0007361271 0.3709674 0.1828521 -0.4992889 0.1991944 -0.1714192 -0.08356771 -0.2635334 -0.3730019 
-0.2096179 -0.3441848 -0.4199152 0.1692253 0.481286 0.1209921 0.3018382 -0.4088856 -0.2263563 0.3265751 -0.02723667 0.2281237 0.5128946 -0.3939188 0.06537481 0.005612795 0.4865682 0.4186853 -0.07622929 0.3953577 0.3999434 0.3906332 0.01165523 0.2533489 0.1682107 -0.07906368 -0.4536221 0.137575 0.4129038 0.3199494 -0.08511899 0.1374235 -0.297054 -0.2690746 0.5193677 0.3992708 -0.3366236 0.3050921 -0.143171 -0.1721352 -0.1152557 -0.04309545 -0.1927713 -0.4525208 0.4358929 -0.1356975 -0.05160015 0.371642 -0.3694941 0.2540165 
0.2942093 0.1002225 -0.4297889 -0.2921069 -0.2146233 0.05590841 0.1188431 -0.1815328 -0.5627699 -0.06854226 0.1195506 -0.2348056 -0.502563 -0.1900346 -0.2489556 0.4253615 0.01586557 0.282222 -0.4185257 0.1995599 -0.2347057 -0.3411121 0.003847699 -0.5897042 -0.06182081 -0.1290333 0.02159185 0.02506195 0.319531 -0.2597165 -0.4673854 -0.2091845 -0.06988537 -0.242993 -0.434584 0.4066258 -0.1437594 -0.5061104 0.392069 -0.1172167 -0.2695546 0.2666743 0.2458634 0.4454333 0.1597478 -0.3524832 -0.05909917 0.4673663 0.2625432 0.3823822 
0.3314841 0.1935869 0.07229134 0.01502134 -0.06470904 0.1252688 -0.4374653 -0.3770267 0.3321851 0.5083231 0.4544405 -0.4140781 0.05167796 0.3396599 0.03208202 -0.2741626 0.3661301 0.3134804 -0.2868277 -0.134353 0.08414281 0.09576664 0.3957487 0.2441211 0.01840729 -0.03360926 -0.09597631 -0.008091025 -0.1936861 -0.2222639 0.4077104 0.06404456 0.2594444 0.4314027 -0.08269911 -0.1081248 0.2446675 0.4602656 0.3791169 0.04538914 0.3038672 -0.1796749 -0.2550569 0.4469742 -0.03863019 -0.3278943 -0.32544 0.5175065 0.03527147 -0.0584239 
#
-0.2223489 0.01217274 0.4610251 0.08585419 -0.08609965 -0.2367087 0.05233736 0.2184148 0.2604216 0.3136075 -0.5193159 0.2854517 0.3939502 0.1183765 -0.3846467 -0.1443603 -0.4215393 -0.03711927 0.1607105 -0.4654918 0.361007 0.1574183 0.1310091 0.2541555 -0.1111837 -0.2489787 -0.2451955 -0.404908 -0.3127671 -0.1724361 -0.2862968 0.004039983 -0.3961237 0.1704083 0.3199773 -0.1790312 0.4178409 -0.2053384 -0.1247519 -0.5011621 0.1348865 0.4807144 0.3142187 -0.3495479 -0.3683486 -0.3012003 -0.05213389 0.5178856 0.2012425 0.5781161 
0.4056988 0.1733268 -0.03412655 -0.2891738 0.2077864 -0.1480856 0.3297831 0.3861175 0.3998019 -0.5790297 -0.4508069 0.1560795 -0.04805801 -0.002535225 0.1175143 0.1144856 0.03606804 0.3608477 -0.02746899 0.380086 0.1664817 0.2682308 -0.3923647 -0.08394471 -0.05511865 0.3402182 0.1464224 0.3759958 -0.0215544 0.01773112 0.301317 0.4907048 0.03530271 -0.1249854 0.05506617 0.2996161 -0.5641284 0.1409286 -0.08992805 0.2216811 -0.1109315 0.4740883 0.2028173 -0.005792132 0.3141193 0.3118201 -0.2671802 -0.2231635 -0.05014075 0.1613001 
#
##### Level: 2  Time: 6.16 #####
##### 2022/12/19 15:35:40 ##### Type: Tanh
