##### 2022/12/19 15:41:38 ##### Type: Tanh
-0.5318861 0.07446788 0.495427 -0.2125665 -0.9783052 -0.4599943 0.2896935 
-0.0357131 -1.169099 -2.204176 1.017586 3.151539 1.429522 -0.0919684 
1.625575 2.075522 4.887038 0.2419461 -4.043458 0.1526552 1.05092 
0.5341226 0.04069003 0.5276107 1.007678 1.010102 0.1646564 0.3833501 
-0.0784123 0.2912982 0.6024728 1.958249 2.508579 1.375766 1.301375 
-1.322622 -0.296405 -1.467691 1.115186 2.66142 0.3529801 0.03006344 
-0.5235906 0.1437886 0.2176996 -1.175719 -0.4485372 -0.2098198 -0.5579515 
0.2341944 0.03232867 -1.585585 0.6545529 1.657553 0.5510557 -0.4467856 
-0.3720565 0.9706321 -0.49243 0.952799 1.829927 0.938783 0.2339573 
-0.234533 -0.4248198 -0.6581491 2.220243 3.600155 1.61112 1.126882 
-0.1044279 -0.1254073 -1.402657 -0.1383703 2.113542 0.8699005 -0.01110882 
-1.386463 -0.3345793 -0.1685005 -0.904682 -0.4440452 -0.5417291 0.009918215 
1.216019 2.538778 2.193412 -0.405796 -1.036468 -0.01988352 1.267214 
0.05203291 -0.05738506 -0.3581924 0.8372625 2.24508 0.1340944 1.170785 
-0.1050384 -0.5644366 -1.079236 1.238818 3.22407 0.6551741 -0.4083341 
1.894318 3.309864 4.28651 0.7579575 -4.11017 0.1469961 0.8909029 
0.2408449 0.6770631 1.056205 1.803627 1.410954 0.1822668 0.1848848 
-0.3283622 -0.5886847 0.1439615 0.9276768 1.005082 0.9094769 0.6598284 
2.731066 2.742336 3.979786 0.7600373 -4.31916 0.538759 0.9839701 
-0.04314283 -0.5848768 -0.6073745 0.4446153 0.7968486 0.5705362 0.3911063 
-1.114222 -1.596327 -3.191983 3.042311 7.844887 2.245421 -0.1255602 
-0.2637836 0.03198924 -2.186875 -0.2277986 2.96963 1.479858 0.07314996 
0.2442345 -0.3608624 -1.519256 -0.5279433 3.330558 0.6625782 -0.07015971 
0.9409656 1.868251 2.256322 -0.1460536 -2.11279 0.4891823 0.3528808 
-0.4429734 -1.030909 -2.21171 2.119497 3.981772 1.641501 0.7514788 
0.5628328 0.8782018 0.5619602 -0.8942453 -3.917338 -0.305185 -0.1735674 
-0.1799988 0.4816255 0.8968481 -0.7928762 -1.346343 -0.9718081 0.1181165 
1.174904 1.954103 2.112275 0.4780683 -1.641584 -1.27759 -0.1008426 
-0.1735541 -0.2675204 -0.9818782 -1.975924 -0.6867884 0.7408001 -0.3665034 
-0.1211691 -0.6535461 -0.00465351 -1.763481 -1.425146 -0.8292953 -0.003710954 
0.2657885 -0.06591876 -0.2981277 -0.2267841 0.1497108 -0.4909862 -0.3756829 
-0.5544934 -0.3523459 -0.9575446 0.6049949 2.34795 1.791348 0.8463802 
-0.08386285 0.05888769 0.3839523 -1.718075 -1.805551 -0.449431 0.2063617 
1.11739 0.5422046 1.558775 -0.315211 -0.1161242 0.1803195 -0.03297682 
0.06545332 1.059695 1.494595 0.07520036 -1.113627 -0.04099363 -0.0146607 
-1.191972 -0.1973951 -0.2320866 1.551508 2.496752 0.2772903 0.5272232 
-0.4430214 -0.358518 -1.916469 1.338831 3.297668 1.79558 -0.3971286 
-0.5189379 -0.2278506 0.5403036 0.8605314 1.253149 0.9522923 1.228282 
-0.1763733 0.3448804 0.9470814 0.05841975 -0.2313127 -0.351461 0.2640162 
-0.8849998 0.1030046 0.7544213 0.5359689 -0.2404738 -0.3170261 0.5117774 
-0.2522514 -0.6252714 -1.081144 0.6418235 2.605648 0.6080439 -0.1267227 
-0.1471863 -0.8648828 -2.779169 0.8207241 3.90638 1.346592 0.06004979 
0.07963586 -0.877398 -2.42502 0.6243241 3.704341 1.14144 -0.1018864 
0.7269471 0.3691531 1.188687 0.06841086 -0.5393248 -0.3825506 -0.4452175 
0.172367 0.3461537 0.5942239 3.16855 3.150177 0.6419368 2.291049 
0.2007117 -0.3152 -1.078602 0.2249347 1.641389 0.451908 0.00525278 
1.12828 1.546362 3.086927 -0.09526975 -1.417969 -1.137339 0.134314 
-0.0920938 -0.1735207 -0.7801728 1.523884 1.77492 1.429903 0.04838545 
-1.130308 -0.9004104 -0.5070286 -0.8269373 0.9156034 0.04654794 -1.117897 
1.316407 0.3130366 0.7352434 0.7744395 -0.2761239 0.4864254 0.5522233 
#
0.113761 -0.4521993 -0.4491886 0.2074407 0.4610564 -0.04887475 0.2875794 -0.3516845 -0.1010025 -0.2422799 -0.01170582 -0.1196937 -0.07681514 -0.4022067 -0.1497002 -0.3783383 0.3518111 0.3933453 -0.005144939 -0.05860895 -0.09487619 0.245527 -0.1599319 0.3168802 0.04515146 -0.1131118 -0.1272729 0.1810823 0.1199628 -0.3825116 -0.0117122 -0.4803739 -0.09217706 -0.1766149 0.2405395 -0.2331412 0.414003 -0.3242723 -0.09529699 -0.1502826 -0.04567386 -0.2741411 -0.2644117 0.09324262 0.2986344 -0.09040876 0.05185704 -0.4741327 -0.3375664 -0.4544783 
0.4128568 0.3770787 -0.3792953 -0.1127297 -0.0770506 0.2443321 0.3095017 -0.264601 -0.3581854 0.04868348 -0.3502714 -0.3345795 0.02741758 -0.2306039 0.2025832 0.05000727 -0.5164875 -0.4257632 -0.1147299 -0.4216132 -0.4025518 0.1174618 0.005490803 -0.3334477 0.4103173 -0.311399 0.1086707 0.2542705 0.492343 -0.3933613 0.3558159 -0.1805087 -0.04128508 0.06492172 -0.2645217 0.05988027 0.4308642 0.4531165 0.4072834 0.4036641 -0.02402805 0.1464399 -0.5147214 0.2840613 -0.3687107 -0.1987824 0.2058792 0.4116024 0.3541226 -0.256404 
-0.1299463 -0.03346954 0.1391695 -0.3158324 0.4693339 -0.3034423 -0.1649083 0.4909114 0.03532438 -0.156012 -0.3241361 -0.5117393 -0.1717332 -0.3969292 0.3079371 0.3425094 0.2691442 0.5164834 -0.4563955 -0.3206646 0.1489743 -0.4050668 -0.2802554 -0.01113582 0.1728207 -0.09290298 0.09925253 0.262196 0.4064128 0.07808158 -0.03364812 0.2163977 0.3715895 0.247004 0.2408717 -0.04461395 0.2535367 -0.1166934 0.1564585 -0.4120829 -0.3296707 -0.4822876 -0.007054963 0.1302258 0.2444709 -0.02897961 -0.09543704 0.5101004 -0.4744398 -0.1017863 
0.1033696 0.1294239 0.4685063 0.2070904 0.2047614 -0.2482554 -0.3067352 -0.2785205 0.01981667 -0.0351002 -0.00181671 0.1369566 0.486041 0.3763552 0.3161927 0.1480258 -0.3738242 0.09944381 -0.02348546 -0.1780986 -0.3724677 -0.1561904 -0.303185 0.5533835 0.4582585 0.05784738 0.02431098 0.1828289 0.2543919 -0.347556 -0.459675 0.2258214 0.1719358 0.1346855 0.5378012 0.2186575 0.2503805 -0.2481792 -0.4194568 -0.2212078 -0.3372518 -0.1081722 0.2526259 -0.2661644 0.005184241 0.008558349 -0.4159392 0.1582486 0.2619519 -0.3770917 
-0.1326745 0.3238989 0.07127956 0.2166744 -0.3130441 -0.2393007 -0.01486502 0.3921795 0.2631127 -0.3763039 0.4367147 0.05805184 -0.07413667 -0.1459953 -0.1187627 0.3652648 0.4428051 -0.1870517 0.4088774 -0.4255351 0.300393 0.3534824 0.1417976 -0.369699 -0.3741574 0.1673464 0.0994112 -0.4202364 0.02389216 -0.1320809 0.002964658 0.3825508 0.3806491 0.17227 0.277229 -0.2393447 -0.3150775 0.4386486 -0.07273279 0.2389668 -0.2135964 0.3575945 -0.05043095 0.3727621 -0.1328921 0.1305802 -0.4433241 -0.06044458 0.3591455 0.1269931 
0.103509 0.2304417 0.2864166 0.1737992 -0.2098458 -0.008708777 -0.2497294 -0.08737137 0.07533882 0.04254472 0.1395874 -0.07307707 -0.1494315 -0.1199629 0.1162895 0.4530465 0.1739698 0.2650246 0.03852059 -0.4103787 0.157437 -0.5543226 0.4432175 -0.3890734 0.3506247 0.4608296 -0.1093429 0.172958 0.2564366 0.0238824 0.1576912 -0.3693019 -0.2986909 0.3518234 0.2489925 0.2555624 -0.3815067 -0.2825043 -0.09915074 -0.172893 -0.4713346 0.2445954 -0.1408734 0.3545787 -0.3971183 0.3200218 -0.04409744 -0.4038648 -0.2398436 -0.101122 
0.4964175 -0.333863 0.5298658 0.2036668 0.4332722 -0.03897341 0.3577847 0.1014424 0.3000036 -0.2108103 -0.4503359 0.04959872 0.1860623 -0.4357748 0.3307564 0.1114656 -0.3142835 -0.02262268 0.2087091 0.3695323 0.2641034 -0.1326211 -0.1714993 -0.1930057 -0.4585099 0.476734 0.2000168 -0.4619578 -0.4407209 -0.4936087 -0.005288198 -0.2693056 -0.001482143 -0.1440745 0.02505521 -0.2040406 -0.2998933 -0.08964611 0.4682223 -0.3457663 0.4282268 -0.02598769 -0.1439504 -0.4680496 -0.3058307 -0.08873949 -0.3552064 -0.2660645 0.4367331 0.02199066 
0.1896394 0.3426853 0.172656 -0.2591071 -0.03179907 -0.1174447 0.4463475 0.06136358 0.1165085 -0.5460997 0.5322869 0.3024318 0.1773402 0.2599597 0.1950969 0.4137799 -0.4924245 -0.316906 0.15324 0.02665702 -0.3495933 0.2109223 0.1968612 0.01011382 0.3629446 -0.08233544 -0.3201432 -0.1329775 -0.3993784 0.07947712 0.3008506 -0.2354989 -0.3677381 -0.06677217 -0.1800717 -0.01568615 0.2067735 -0.4745464 0.3083701 -0.5148788 0.0001628186 0.1418586 0.2762162 0.3156473 -0.3904039 -0.39572 0.4462226 0.00696932 -0.3524105 -0.184819 
-0.03695678 0.1869566 0.456378 -0.1852681 -0.2942622 0.1545519 -0.1410411 -0.5231184 -0.1722796 -0.372505 -0.06741751 0.04261466 0.1928458 -0.4895499 -0.4284213 0.1914242 0.1665847 -0.4452235 -0.01640877 -0.2644484 -0.6076066 0.3517943 -0.04337857 0.04696414 -0.5131798 0.2508124 0.604509 0.3443767 -0.1673572 0.2979426 -0.03430524 -0.1375803 -0.2817105 0.06496444 -0.3400947 -0.5865201 -0.007161384 0.03260323 -0.2345809 0.0677185 -0.2125825 0.2176614 0.2177842 0.05169632 0.02188009 0.3748014 0.5609217 0.1274153 0.05843442 -0.0215864 
-0.177106 0.003370603 -0.1120644 0.4779091 -0.05354543 -0.34671 -0.2283363 -0.1615779 -0.1295982 0.1881411 0.2003312 -0.05185086 0.4244473 0.1110127 0.2812709 0.4815654 -0.03780862 -0.4128381 0.341491 -0.3532894 -0.4846452 -0.4689181 -0.5287073 0.3974358 -0.4480245 -0.221509 -0.2718197 0.5797528 0.2995835 -0.3709963 0.2261359 -0.2164775 -0.3757043 0.174086 0.06724089 0.2536921 -0.2403838 -0.257186 -0.2031865 0.4350616 0.1844161 -0.3462657 -0.3446288 0.02792274 0.3161061 0.2997165 0.5398024 -0.2616745 0.2482889 0.1742057 
-0.02375513 0.4829438 0.1783403 -0.03100994 0.1331576 -0.04486959 0.1453249 -0.02828872 0.4990654 -0.3658938 -0.3174845 -0.0977654 -0.1219239 -0.298382 0.5977234 -0.06588063 -0.1825353 -0.279334 -0.5581896 -0.5223014 0.3164333 -0.186403 0.4210042 0.2925375 0.01459004 0.1640223 0.2620004 -0.008943641 0.4473687 -0.248567 -0.06108639 -0.404707 -0.3904983 -0.3217666 0.09081327 0.3254952 -0.09079899 0.3262259 -0.4762605 -0.253749 -0.4268124 0.3118417 -0.2497798 -0.4858447 0.26472 -0.08746442 0.2336948 -0.4143849 0.1678772 -0.3074606 
0.01950276 0.2775468 -0.5559292 0.2857387 0.4574159 -0.1145368 -0.4591374 0.4976872 0.4942271 0.3845405 -0.08479047 -0.335658 -0.09486966 0.2445514 0.2493025 -0.522284 -0.2554804 -0.2050118 -0.07768475 -0.3027826 -0.1831129 0.06751721 -0.3616557 0.3098481 0.4748844 0.3869126 0.4199732 0.2190206 -0.2876042 -0.3538756 0.4090064 0.2278442 -0.5216811 0.2956546 0.1701065 0.2493511 0.5019816 -0.1102431 -0.2996694 -0.1664671 0.2035476 -0.1616897 0.347623 -0.3320134 0.3490563 0.4988656 -0.2336295 0.06729988 0.004263191 0.1596896 
-0.368504 0.06927574 0.06665891 -0.1545685 0.4209454 -0.5023851 0.05827468 -0.2679639 0.3351811 -0.4746045 -0.1683675 -0.2491558 0.2856051 0.3516904 0.5105361 0.2273634 -0.3611274 0.1515946 -0.4020416 0.4646025 -0.3478651 0.4002199 -0.5424353 -0.2542745 -0.003420676 0.4402934 0.1623068 0.4507197 -0.4760295 -0.498418 0.07440826 -0.07700154 -0.1393112 0.118616 0.4937663 -0.2060898 -0.3705185 0.1670321 0.3873041 0.1044244 -0.3735991 0.2128542 0.04825443 -0.2523687 0.4979195 -0.0496183 0.03715933 0.5088275 -0.3242559 -0.3568985 
0.3214189 0.221911 -0.09335827 -0.02516293 -0.02370651 -0.2132167 0.09002559 -0.1299354 0.3504433 0.4622819 -0.1098524 0.1470301 -0.3063862 0.2792209 -0.04826347 0.3788848 0.3988843 -0.3531714 0.3302998 0.196067 0.07945374 -0.01348933 0.237775 -0.05055388 0.2775297 -0.07069231 -0.1956483 0.2471752 -0.2766427 -0.4354763 -0.1099632 0.1767505 0.2599828 0.3833495 -0.306747 0.3672134 0.4426532 0.3503491 -0.389672 0.1666699 0.2058284 0.2261697 0.320379 0.4157682 -0.285984 0.05403778 -0.02422709 0.2557683 0.3223446 -0.4484614 
0.03752309 -0.1081022 -0.3504081 -0.01092357 0.03811738 -0.1907721 0.4468261 0.490574 0.19607 -0.4371494 0.468988 0.3009675 -0.3191671 0.2950706 0.1054464 0.2176955 0.3675939 -0.1959209 0.1070225 0.06472117 0.4704293 -0.4056889 -0.4848826 -0.2982645 0.480284 0.3653824 0.1738725 0.306559 -0.2541948 -0.2490273 0.3792153 0.01438514 0.4931468 -0.3496598 0.02689237 0.4355513 0.111155 -0.2546067 -0.1357944 0.3795108 0.425181 0.4546598 -0.34568 -0.4319382 0.1932423 0.3509684 0.03030346 -0.4827639 -0.2032918 0.03135525 
0.1509689 -0.2801513 -0.3283291 -0.2650238 -0.4166687 0.0227741 -0.1145658 0.4055847 0.006599821 0.1798569 0.2000145 -0.3626373 0.2684999 -0.06488345 -0.3552595 -0.05769673 0.327276 -0.467607 -0.2349703 0.1666 -0.4036431 0.1520876 0.4917277 0.1887317 0.1363018 -0.4759143 0.3808718 0.4812666 -0.009746647 -0.4247632 -0.1700545 0.1518702 0.009044795 0.2065467 0.09592047 0.2281135 -0.1731678 0.243443 -0.4582304 -0.4766183 0.07386256 0.2040501 0.2678285 0.1721851 -0.2958081 0.3081902 -0.3109604 0.2222787 0.3831194 -0.2654026 
-0.4538125 -0.007962815 0.2172468 0.187087 -0.03053623 -0.5120137 -0.2903445 0.01166057 0.1257217 -0.4012304 0.04511129 -0.1377615 -0.06938353 -0.05216041 -0.1101329 -0.4395943 0.1710073 -0.4076381 0.3496927 -0.04758959 -0.3305558 -0.3788878 0.4303102 -0.2178251 -0.3751721 -0.1048434 0.3466066 -0.2026766 -0.03715024 0.3436437 0.3022006 -0.3167631 -0.4045212 -0.2299312 -0.4470761 0.3524841 0.4722969 0.3877785 -0.2534192 0.1119208 -0.04902938 0.3206942 -0.3761837 -0.4840715 -0.03320167 -0.3190416 -0.2501919 -0.1507467 -0.2029652 -0.2841357 
-0.3328411 -0.4615963 0.5850773 -0.07119164 -0.407624 0.3649167 0.05611978 -0.05468321 0.03314257 -0.5045895 -0.4029021 0.4233038 0.5330154 0.2362121 -0.3273456 0.06346916 -0.2573091 -0.3695624 0.0453129 0.02340722 -0.4477847 0.2067761 0.2295584 -0.1972121 0.4275616 -0.1922643 0.4728533 0.5080441 0.3432904 0.3634905 -0.3790109 0.03452886 0.5047232 -0.1713375 0.198712 0.1415949 -0.3032897 0.1447475 -0.2838309 -0.491977 -0.2246728 -0.06497496 -0.2524801 -0.2546964 -0.08331224 -0.02038634 0.4003119 -0.1298773 0.2085781 0.4420912 
0.4311531 -0.3855644 0.3546952 0.2841045 -0.4114071 -0.1278434 -0.1424238 0.1846834 0.01673485 0.3377756 -0.444167 0.07571948 0.1479303 0.1756767 0.3883238 0.06181121 0.4696594 0.1780593 -0.4878741 0.06223596 -0.2643892 0.1202958 -0.4770446 -0.07839895 -0.2412976 0.123077 -0.01332697 0.0313791 0.2913055 -0.09858464 -0.06422889 0.04025614 -0.2933971 0.3476315 0.4740727 -0.445627 0.1815721 -0.3046843 -0.2546624 -0.1529165 -0.1776881 0.04368816 -0.3294113 -0.1940304 0.4512134 0.2277771 0.3176814 0.1255983 -0.100144 0.3504768 
0.09299637 -0.1435019 -0.2996091 -0.3139728 0.2404012 -0.002602896 -0.3613786 -0.06888279 0.01366234 -0.05668069 0.4248706 0.3235403 0.4414035 -0.3857348 -0.06878654 -0.1547118 -0.1459729 0.280932 0.05217593 0.2936721 0.3949673 0.3708616 0.1157679 0.04510023 -0.2716137 0.1788253 -0.0615866 0.169951 -0.0151666 0.003107291 0.399322 0.3608507 -0.3148075 0.4741847 0.2874717 -0.2555113 -0.3886696 -0.4980434 -0.399827 0.1220943 0.4868029 -0.2174911 0.2912012 0.2735708 -0.03911354 0.1182881 0.1333522 -0.4792171 0.3755453 -0.1222126 
-0.2007765 -0.412842 0.3117157 0.1316112 0.487712 0.3590647 0.208421 0.1977141 0.4734078 -0.3880657 0.3988064 -0.1478989 0.4741466 0.5100669 0.1854632 -0.5689491 0.2185218 0.5117797 -0.297028 -0.3003021 -0.08629557 -0.06472883 0.2429791 -0.4786702 0.3694264 0.1426085 -0.4479134 0.1402267 -0.3193558 0.2434756 -0.4217532 -0.07591654 0.2955491 -0.4502639 -0.2585877 0.3473816 0.4980747 0.1090712 -0.5825668 -0.4698021 -0.0299684 0.008031772 -0.4090816 -0.4733735 0.2715948 0.217535 -0.3419794 0.2534594 -0.3254337 0.02957108 
0.468388 0.1270017 0.3306799 0.07486374 -0.5401059 0.3771243 -0.06522956 0.2102505 0.1981285 -0.3923406 0.2624221 -0.3683067 -0.03633267 -0.3776775 -0.5997517 0.02469738 -0.1214272 0.2988689 0.2858022 0.2716344 -0.5938464 -0.4163192 0.3562885 -0.1584966 0.05383831 0.4547082 -0.05654239 0.1370946 -0.009701837 -0.268854 -0.006943026 -0.2179646 0.1561677 0.1785856 0.2681101 -0.2917058 -0.01265286 -0.5055692 0.5250481 -0.398119 -0.01941907 -0.3133962 0.2794216 0.1989863 -0.3190539 -0.1046212 -0.4357053 0.1964073 -0.460223 -0.4602242 
-0.3115161 -0.04194668 0.1394848 -0.2740471 -0.1330426 0.4516805 0.2892644 -0.04272398 -0.4769556 -0.2908327 0.2971456 0.2551572 -0.1276439 0.04445082 0.3253762 -0.4994223 -0.01366626 0.148962 -0.4389925 0.1437819 0.4230974 -0.05261091 0.6086236 -0.08978481 -0.1767197 0.4197912 -0.1613013 -0.4589461 0.5141557 -0.141037 0.3594214 -0.07309625 0.1814919 -0.4096505 -0.5506253 -0.3262778 -0.007414699 -0.3180603 -0.2258914 -0.3967833 0.1112039 -0.3326014 -0.2949904 0.1508502 -0.04063755 0.453254 0.08878244 -0.3556572 -0.3691419 -0.4953466 
0.3614716 -0.1104424 0.05112442 -0.1636646 -0.2442572 0.2584629 -0.227807 -0.1335485 0.4237977 0.02044553 -0.07728741 0.04249202 0.09359339 0.2817226 0.02753489 -0.2637745 0.5060552 -0.1839257 0.04339146 0.06558215 0.2778408 -0.1950562 -0.142551 -0.2918548 -0.4059887 0.3547125 -0.2355486 -0.1466464 -0.4676515 0.04645213 -0.2347413 -0.4025383 -0.337789 0.4466585 -0.07897966 -0.1375757 0.5073525 -0.1562775 0.4412494 -0.1564981 0.4594183 -0.3640612 -0.1413796 0.3547698 0.2538378 -0.4445432 0.05056333 -0.1353438 -0.3554385 -0.1895213 
0.2982922 -0.1348723 0.2015789 -0.03481779 -0.2275928 0.08508845 -0.4726718 -0.1798705 -0.2389604 -0.1162547 -0.03099407 0.4368979 -0.1738451 -0.1575277 -0.235551 -0.1574129 -0.1077011 0.1573249 -0.1291397 -0.311237 -0.2618111 0.1786891 -0.1097131 -0.2801755 0.1297526 0.1067122 0.4506834 0.04679963 -0.08086534 -0.4688306 -0.1339564 0.4434937 -0.3523127 0.2547367 0.2752101 0.4372748 -0.08817302 0.2486772 0.1558865 0.3409457 -0.1756766 0.2033211 -0.4024136 0.06385078 0.3662243 0.4993087 0.3521062 -0.4675317 0.05868921 -0.07005832 
0.1945974 0.3915812 0.4416377 0.4450228 -0.4565364 -0.2435534 0.4467577 -0.02380351 0.2642565 0.09527066 0.1951918 0.0327395 0.3145421 -0.3756685 0.4238169 0.0251762 0.2524743 0.04084253 0.04081482 -0.1630132 0.3966204 0.2863317 0.4878063 -0.03289371 0.3225082 0.09820736 0.1222181 0.2541499 -0.106943 0.1915437 0.2680343 0.4190973 0.5122858 -0.5392898 -0.1726035 -0.01297981 0.4199769 -0.3610117 0.06392572 0.02384096 0.4600985 0.4945519 0.422611 -0.4802907 -0.3142326 0.2446315 0.2430388 0.3787827 0.02779661 -0.1904553 
-0.2133294 -0.2535912 -0.05705409 -0.3586172 -0.1218024 -0.5251645 0.4903013 -0.131188 -0.4605329 -0.05042312 0.1512085 -0.2938851 -0.3547625 -0.3904895 0.2473625 0.1369603 -0.06433798 0.2455728 0.2899783 -0.0984019 0.0105614 0.152739 0.3525448 0.4595206 -0.2224179 -0.3664753 0.3417159 0.3652379 -0.09475946 -0.3854796 0.2320464 0.07654017 -0.09540948 -0.5364856 -0.1510836 -0.08917519 -0.05784974 0.1317021 0.05176026 -0.2111139 0.1229063 0.04450289 -0.4211996 -0.497851 -0.564292 0.2955104 0.1622822 0.108424 -0.2547146 -0.03281922 
-0.2203513 0.3594396 -0.3220145 -0.4368786 0.2089056 0.07142457 -0.1554681 0.01925319 0.3818589 -0.06939742 -0.1770996 0.4087256 -0.3872863 -0.4396626 0.3300415 0.5534109 0.3438438 -0.4011277 0.4085526 -0.1615584 -0.3606034 0.279068 -0.1855077 -0.006306322 0.3642019 -0.3428038 0.08236508 0.4209433 0.4177544 0.03721053 -0.2103606 -0.4499258 0.244796 0.23889 0.2643882 0.2409472 0.1097967 -0.2827237 -0.2003963 0.3166145 -0.2911575 0.4431474 0.2883799 -0.4107117 -0.3931124 0.1132375 -0.173178 0.5005993 -0.2457714 -0.3627673 
0.4770301 0.1475823 0.396443 0.3360545 -0.07471173 -0.02259675 0.1378833 0.1757132 -0.3028625 0.08576453 -0.4807329 0.04437093 0.07139197 -0.1799892 -0.3749712 -0.2751398 -0.3406661 -0.07321687 -0.2002561 -0.4309611 -0.1917844 0.1177319 0.2877516 0.3575636 -0.2956498 -0.3203381 0.4371822 -0.299145 -0.1868162 -0.3149867 0.3465477 0.08605975 0.008918992 0.2826875 0.03690252 0.1457506 -0.4011571 0.4598867 -0.2134578 -0.2140365 -0.4078183 0.4095696 -0.4459717 0.2399929 0.3504016 0.1142476 -0.08235408 0.02399991 0.4723543 0.4004192 
0.07918314 0.3780892 0.1705556 -0.3126736 0.2769251 -0.1845473 0.4035269 -0.5082129 0.1171746 -0.2723096 0.06266946 -0.04800844 -0.1367438 -0.4964434 0.2303723 -0.05210961 -0.5071493 0.2615498 0.2628544 0.001862456 -0.4354662 -0.2783619 -0.4076793 0.5200787 0.412652 -0.05918873 0.1415264 -0.4924458 -0.4062982 0.1010699 0.2499941 -0.1391405 -0.2316878 -0.08466405 0.08679929 0.3860938 0.3653369 -0.2279835 0.4527532 -0.3413786 0.2410378 -0.3769507 -0.1608933 -0.4546626 0.2343386 0.1853765 0.05065944 0.4595369 0.4829576 -0.1326876 
0.02458457 0.1334697 0.3395309 0.02022776 0.3488499 -0.1780283 0.2554597 0.2218119 -0.21968 -0.03877261 0.247016 0.31707 0.527994 -0.4179303 0.02644895 -0.3347909 -0.2361376 0.4641596 -0.05339978 0.402869 0.110092 0.2575753 0.3667027 0.03645636 0.3038425 0.4402315 0.323703 -0.4440715 -0.3195003 -0.2813758 0.215673 0.1800968 -0.5071452 0.215944 -0.43765 -0.3072247 0.1346681 0.3176569 0.09251723 -0.174058 -0.3669225 -0.2867782 -0.4569855 0.1265002 0.001458295 0.3981686 -0.3259532 -0.179455 -0.02655706 0.1674394 
-0.09312057 0.1087309 0.193685 -0.2945586 0.406533 0.1698018 0.2551035 -0.2250292 0.2350893 0.3517281 -0.1633555 0.2126199 -0.02252068 -0.4440623 0.09025793 -0.3236392 0.4008736 -0.1294043 -0.4275127 -0.03265271 0.09215991 -0.12717 -0.2972862 -0.3068914 0.2728988 -0.2280714 0.1230956 -0.2864783 -0.4444301 0.3284309 0.273879 0.1548604 -0.03945067 0.1515668 0.4199698 -0.2703898 -0.4449707 0.4286376 0.3610742 -0.22484 -0.2613243 -0.2737801 -0.4722094 0.4051963 0.3627141 -0.1711181 0.3145547 -0.3955582 0.453683 -0.1158445 
-0.381871 0.2848513 -0.2565248 -0.4375882 -0.4843356 -0.5418057 -0.08150833 -0.1395109 -0.1013517 -0.05905312 -0.2758357 0.09990314 -0.3682007 0.2851061 0.3718136 0.3553665 -0.3295638 0.2710279 -0.3057909 -0.08291232 -0.4843311 0.5110689 -0.04990456 0.3668565 -0.4914999 -0.2763805 -0.02270329 -0.06756847 -0.09347825 -0.1259497 0.06804983 0.09332953 -0.1715721 0.2438554 0.2628601 -0.529843 -0.2062238 -0.2113767 0.01018569 0.2104301 0.2704375 0.1594975 -0.05434087 -0.2167458 0.4225601 0.2409264 -0.2515524 -0.3636706 0.3893434 0.372843 
-0.2942453 0.4955891 0.2149318 -0.01256609 -0.340249 -0.3371917 -0.1034576 -0.1679115 -0.4826766 0.3594429 0.206833 0.5135332 -0.4366613 -0.4566401 0.41885 -0.1577205 -0.2791215 -0.2505673 -0.6250451 0.3298706 -0.04042852 0.3598378 -0.1100113 -0.1613601 0.06032953 0.01160782 0.09712022 -0.3693111 0.4361832 -0.1198396 0.4648246 -0.37784 0.08020326 -0.1662147 -0.3969762 0.07236436 0.2653481 0.1106114 0.06396241 0.2003449 0.2379389 0.4834021 -0.1330935 0.0337886 -0.4115677 0.4082525 -0.02962665 -0.2394184 -0.0789503 -0.07455985 
0.02616302 0.4731984 -0.3851156 -0.5377678 -0.1679465 -0.2562984 0.1683219 -0.1511402 0.3928644 0.2007886 0.05603646 -0.3114028 0.04102365 0.1813176 -0.4915587 -0.1397556 -0.1555113 0.1454258 0.3137456 -0.2518312 0.08928805 0.08623449 0.2474345 -0.2377247 -0.4051443 0.1613037 0.1426711 0.2182443 -0.1893361 0.3352432 0.5002527 -0.3932369 0.4238045 -0.1874025 0.3171626 0.3658847 -0.5007918 -0.07522207 0.5541288 0.4212413 -0.4524843 -0.03276444 0.2382818 0.2584225 -0.3451978 0.075624 -0.1445619 0.02333457 0.0483735 0.1816499 
-0.06517761 0.3249368 0.02299496 -0.4768619 0.3258958 0.3941266 -0.343177 0.4010324 0.3869081 0.2791484 0.2357496 0.3588327 -0.3520962 -0.3693849 0.2693464 -0.1189798 -0.2393514 -0.3181995 0.3867226 -0.3989524 -0.1172503 0.4379579 0.2024636 0.4467319 -0.259328 -0.2709873 0.3606862 0.3981729 -0.4465189 0.1114791 -0.2960644 0.4704127 -0.2358897 -0.02846522 -0.1499699 -0.3312828 0.2331859 0.3013998 -0.08627667 -0.4949792 0.2614564 -0.3186054 0.1627548 -0.3316866 -0.212991 -0.2709278 -0.312538 0.143278 0.5027321 0.3766625 
-0.2239966 -0.5770854 0.575952 -0.06337931 -0.1105128 -0.2750126 -0.4908555 0.129129 0.3126846 0.1375721 0.377219 -0.3480971 0.3952361 -0.1956118 0.05381288 0.4293237 0.143685 0.2035852 0.4826735 0.1165241 0.15918 -0.1329596 0.04269829 0.5182752 -0.1128973 -0.222059 -0.2006353 0.1266768 0.05534859 -0.4595976 0.4006226 -0.27089 -0.5185647 -0.309423 -0.1325666 -0.4533534 -0.2103864 0.3608297 -0.2545447 0.4348641 -0.433461 -0.5476869 -0.6162288 0.4042755 -0.4333459 -0.08031789 -0.1892094 -0.1023714 0.05311511 0.1419027 
0.08896278 0.02913807 0.4305687 -0.1493461 -0.3034465 0.297797 -0.00496964 0.4205727 -0.4364319 -0.4172117 -0.3133012 0.02543275 -0.4858116 0.2346416 0.1256403 0.3117373 -0.3216963 0.2104285 -0.4715003 0.01600324 -0.05181497 0.2882464 0.01701034 0.380038 0.01919915 0.08464738 -0.07469532 0.2781445 0.2782552 0.2719995 -0.4575787 0.4521415 0.4010035 0.4810792 -0.02919771 -0.07915725 -0.1875928 0.1745636 0.4745244 -0.06523948 0.04019517 -0.1893396 0.2593188 -0.4512492 0.1808455 0.07261501 -0.4404531 -0.1825052 -0.2142611 -0.2503396 
-0.05245769 0.09453905 -0.2663517 -0.4297552 -0.3796605 0.3491993 -0.4407458 -0.4910667 0.3364961 0.05721364 -0.02809506 0.2588902 -0.3736138 -0.2623303 -0.4513437 -0.3221974 0.08246376 -0.5018768 -0.3175164 -0.3172031 -0.03896552 0.03627158 0.2393398 0.05883689 0.418738 -0.3445624 -0.4575534 -0.05745025 -0.2758572 0.4521807 0.06986871 -0.4241612 0.01581811 0.01183746 -0.1738056 -0.02900955 0.08966842 0.2382902 0.2752366 0.09762383 -0.09399204 -0.2026564 0.3776202 -0.136173 -0.5354791 0.3832848 -0.3400478 -0.03785976 -0.4376272 -0.1247413 
0.456224 -0.4315906 -0.5109559 -0.4035797 0.2475982 0.4682468 0.3017762 0.2683924 -0.4111583 -0.4554203 0.3269709 0.05151884 0.2921815 0.3543428 -0.4288402 -0.2364303 -0.2530413 0.09239377 0.3421603 0.009246484 0.1436175 0.2987318 -0.1846177 0.0333809 0.286408 -0.2088739 0.1600659 -0.1477378 0.06443803 -0.2853633 0.4234321 -0.0009722603 -0.04776808 0.2116177 0.4504354 -0.0146803 -0.4958559 -0.1200152 0.2435476 -0.06807209 0.224045 0.3142121 0.1480195 0.2282941 0.3420088 0.3925864 -0.1441116 0.4032991 -0.1806855 0.2032397 
0.08587144 0.1572679 0.05026253 -0.0129422 0.2513623 -0.3225681 0.3242007 -0.1002252 -0.2077822 -0.009848487 -0.2507923 -0.02625901 -0.3313805 -0.5118002 -0.4113794 -0.2611202 -0.4554264 -0.403347 0.3590134 0.09166317 -0.309572 0.3831919 0.3458726 -0.1311301 0.3051787 0.3278405 -0.262684 -0.02454836 0.2905672 0.4193732 0.4120548 0.2216436 -0.4429613 0.3405773 0.04641674 -0.1672629 0.3587574 0.4558555 0.5032511 0.3318015 0.173349 0.1667372 -0.443139 -0.2201195 -0.2671305 -0.2649418 0.1422006 0.111059 0.1695014 0.01659881 
0.1876925 -0.07023488 -0.689223 0.3162898 0.1324283 0.3045622 0.1497152 -0.1908531 0.2533104 0.5997614 0.4050106 -0.22937 0.1429305 0.04153238 0.2385271 -0.05124937 0.03576929 0.01309063 -0.1406662 0.4103982 0.07434046 -0.3121666 -0.1905279 -0.5450254 0.5769721 -0.09744918 0.128205 0.02859822 -0.4624076 0.01342513 -0.2263426 0.2238323 0.180633 -0.1720338 -0.329722 0.2430423 0.2764302 0.02415494 -0.3536678 0.4083395 -0.00415743 0.1986882 -0.06052826 -0.3914055 0.5958167 0.05763169 -0.4984455 0.3225185 0.1494629 0.4251129 
0.3801923 -0.2460603 -0.2742992 0.3428461 -0.3978498 0.2111585 -0.3415985 0.4050032 0.1612238 0.4202948 0.4259288 -0.1663324 -0.5830872 -0.4505903 0.2620953 -0.1770745 -0.01198159 -0.1272525 -0.1862141 -0.543659 0.2315255 -0.5633256 0.4272815 0.04829432 -0.2967757 0.2672511 0.3329352 -0.4150171 -0.3551622 0.1939122 -0.03437706 -0.398497 0.3549147 -0.1437892 0.216447 0.3176861 -0.1910203 0.4226278 -0.3171755 -0.191419 0.02610631 0.2603973 0.08959575 -0.1374852 0.4289777 -0.3031263 0.1696779 -0.3440344 -0.1976394 0.1272405 
0.3809904 0.1053809 -0.1563165 0.0941423 0.4192554 0.3045918 -0.1230858 0.07839158 0.1377347 -0.1345255 0.4629402 -0.3793524 0.2955762 -0.388656 -0.06174753 0.2421855 -0.1318067 0.03116057 -0.1359579 0.3893203 0.3863851 0.07852867 -0.2353162 0.4866986 -0.02781524 0.4696926 -0.07493205 0.0400562 0.1676181 0.4855447 -0.4479979 0.06931565 0.3826252 -0.06299312 0.253137 0.3071505 0.3077531 -0.362449 -0.03094881 0.3453782 0.0240568 0.2591826 -0.2081107 0.1430979 -0.1438643 -0.1198313 -0.5021985 -0.02069306 0.5132109 -0.3841194 
0.3518872 -0.4645801 0.3885148 -0.2285126 0.1966932 -0.3525014 -0.1260591 -0.1423194 -0.4425899 -0.4964229 -0.05334615 0.2395609 -0.4733508 0.155904 -0.1631586 -0.07805899 -0.2931615 -0.2023184 -0.01244587 0.06221214 -0.495508 -0.3431279 -0.3969028 0.06211575 -0.1058503 -0.3096959 -0.2435088 0.1030586 0.07115167 -0.3973131 0.3615552 0.340696 0.1518196 -0.06136712 -0.3935596 0.3774571 0.3024405 0.04104298 0.3347141 0.004722396 0.01436933 -0.09991165 -0.4376521 -0.1227026 -0.1078975 0.2294095 0.1900982 0.09983437 -0.2448798 -0.4204391 
-0.2986732 0.1175941 -0.2937205 -0.1091241 -0.345059 0.121155 0.4556856 -0.2310056 0.3624772 0.03643272 -0.4741638 0.2142421 0.3347211 -0.5081534 -0.483171 0.2337751 -0.3636386 0.0608314 0.157705 0.001590939 -0.06714474 0.1676903 0.05501372 0.4553722 -0.4550672 0.1397879 -0.3130025 0.251503 -0.3839348 0.08472268 -0.06363534 0.1103545 -0.1431964 -0.03502481 0.429017 -0.2280159 0.227661 -0.3141183 -0.2632203 -0.01415871 0.4662325 0.1111855 0.1675845 -0.2923039 0.00925221 0.2064533 0.05801358 -0.4189502 -0.1782062 0.2886773 
0.1990489 -0.1781411 -0.6039029 0.2135266 0.08792186 0.2009103 -0.3303518 -0.2397044 -0.1701049 -1.037333E-05 0.04325207 -0.1634854 -0.4603266 -0.3157223 -0.3180482 -0.2204123 -0.1455344 -0.1625493 -0.538291 0.226306 0.3609146 0.5310065 -0.2017122 -0.5388249 -0.006512887 0.4304742 0.5214323 -0.3284084 -0.1186851 -0.0998491 -0.440969 -0.4646532 -0.1104182 -0.2918836 0.4366582 -0.2822281 0.07760631 0.001617482 0.2159695 -0.1789255 -0.2877314 0.018967 0.3985912 0.1597193 -0.4981704 0.2296709 -0.1871839 -0.08245042 -0.2636314 -0.3718829 
-0.2087221 -0.3769668 -0.4248275 0.1682466 0.4803069 0.09220926 0.3028173 -0.4111691 -0.227335 0.3255959 -0.04520957 0.2291024 0.5087782 -0.3948979 0.06491114 -0.009382734 0.485589 0.4181076 -0.09212419 0.3940054 0.3946524 0.3748411 -0.01493256 0.2500763 0.1677396 -0.07470901 -0.4533398 0.1301802 0.4153104 0.3209285 -0.05538228 0.1327931 -0.2960748 -0.2700513 0.5161124 0.3852374 -0.3467687 0.3041129 -0.1109797 -0.1764104 -0.1200149 -0.05576186 -0.2098028 -0.4587344 0.4349138 -0.1525368 -0.06686965 0.3706643 -0.3489802 0.2530373 
0.3027418 0.1073015 -0.439015 -0.3006333 -0.2231498 0.05703134 0.1273693 -0.1894464 -0.5712982 -0.07706848 0.1211159 -0.2262791 -0.51278 -0.1985611 -0.2576111 0.4192511 0.007339199 0.2735889 -0.4241766 0.1911672 -0.2419595 -0.341473 0.01146843 -0.6002325 -0.07047369 -0.1215008 0.03028733 0.01438236 0.3276858 -0.2511901 -0.4666847 -0.2167397 -0.06135917 -0.251521 -0.445063 0.401865 -0.1495142 -0.5146387 0.3781957 -0.1292402 -0.2769201 0.263325 0.2450117 0.4347553 0.1512213 -0.3516675 -0.06622137 0.4588395 0.2660587 0.3738558 
0.3191 0.2410587 0.04657838 0.0274584 -0.05227192 0.1583268 -0.4499024 -0.363135 0.3446223 0.5207614 0.4882381 -0.4265153 0.04347955 0.3520971 0.04408567 -0.2901932 0.3785673 0.3255747 -0.3018219 -0.1215972 0.1001305 0.1260371 0.4418596 0.2164745 0.03041822 -0.04881946 -0.1078441 -0.04345671 -0.2030654 -0.2347008 0.4071613 0.07943559 0.2470073 0.4438367 -0.1106668 -0.0849321 0.264755 0.472703 0.3222594 0.03293487 0.3194649 -0.155103 -0.2251678 0.4201957 -0.02619313 -0.2957426 -0.3526513 0.5299434 0.04474912 -0.04598678 
#
-0.2520246 -0.0103107 0.4479908 0.07205694 -0.06034967 -0.2594997 0.02286913 0.1911356 0.2293489 0.2859473 -0.5224444 0.3165427 0.4009185 0.1494208 -0.3680927 -0.113959 -0.4078763 -0.06803606 0.1533935 -0.44236 0.3920879 0.1268514 0.1180583 0.2397578 -0.1348424 -0.2188193 -0.2741082 -0.4278018 -0.3166818 -0.1903017 -0.2566177 -0.00339064 -0.3854393 0.1847859 0.2903132 -0.1498321 0.4054993 -0.2268965 -0.1241734 -0.4748031 0.1086077 0.5117399 0.3211558 -0.3492164 -0.3993904 -0.3285536 -0.07378107 0.5477722 0.1804221 0.6091831 
0.3171842 0.1371654 -0.184931 -0.2969205 0.2845697 -0.03223624 0.2875762 0.37653 0.3703049 -0.5895642 -0.4432993 0.1964186 -0.0304072 0.0376154 0.1417307 0.2079256 0.006049196 0.3304962 -0.1205618 0.4003996 0.2132028 0.2012657 -0.4275037 -0.2501206 -0.1537449 0.3864159 0.04843154 0.4455 -0.07270243 -0.02833143 0.3530497 0.4192954 -0.01703196 -0.1568583 0.018143 0.3505985 -0.5546978 0.07876417 -0.1128438 0.2177701 -0.15988 0.5662893 0.2478285 0.0311473 0.2743838 0.3357167 -0.2996189 -0.182275 -0.08363258 0.2003267 
#
##### Level: 3  Time: 19.89 #####
##### 2022/12/19 15:41:38 ##### Type: Tanh
