##### 2022/12/19 15:46:38 ##### Type: Tanh
-0.4941227 0.04059398 0.4661496 -0.2636139 -1.020239 -0.6056153 0.3313391 
-0.2314095 -1.677741 -2.335142 1.537939 3.46719 2.312541 -0.398789 
1.706942 2.978024 5.394982 -0.05393676 -4.326733 -0.3258685 1.224587 
0.4657709 0.06755967 0.7194218 1.044278 0.9271065 0.246311 0.19197 
0.03167943 -0.2093593 0.6137679 2.170658 2.484103 1.497652 1.162413 
-1.229781 -0.5323904 -1.622139 1.248872 2.819458 0.5005804 0.0381497 
-0.5039927 0.394111 0.3118251 -1.395376 -0.5990319 -0.4289086 -0.4090828 
0.08508041 -0.3208869 -1.745114 0.7715305 1.844999 0.9986893 -0.4843499 
-0.5120853 0.7972848 -0.8186914 0.7673865 1.771965 0.9637415 0.2721363 
-0.1966669 -0.9022946 -0.7390529 2.365762 3.659529 1.94921 1.080101 
-0.3771969 -0.7840336 -1.6813 0.08999596 2.312678 1.658753 -0.2061364 
-1.327746 -0.3764296 -0.06387254 -0.8814953 -0.4592321 -0.496985 -0.04668445 
1.070227 3.113577 2.356096 -0.7384289 -1.255854 -0.2198951 1.321775 
0.05506479 -0.2746709 -0.1588948 1.157941 2.348456 0.4595107 0.9459739 
-0.3891278 -1.104283 -1.338119 1.260801 3.073886 0.936713 -0.7581074 
1.757474 4.42502 4.452332 0.1981295 -4.354919 -0.5299907 1.232093 
0.3238275 0.8921593 1.123236 1.680715 1.380695 -0.08741006 0.3709562 
-0.2174064 -0.8319799 0.237048 1.090512 1.035779 1.061883 0.5909513 
2.67922 3.667775 4.064356 0.2722838 -4.493558 -0.1467338 1.307285 
0.1341769 -0.6734492 -0.4704407 0.6940081 0.9842061 0.7726471 0.4684967 
-1.129475 -2.668729 -3.521279 3.46297 8.131576 2.8866 -0.3701001 
-0.5500906 -0.5904608 -2.701759 -0.1936958 3.180814 2.049558 0.06866855 
-0.3685932 -0.3629899 -2.405553 -1.222748 3.296353 1.474792 0.02423714 
0.7738194 2.480704 2.421003 -0.5658692 -2.457769 0.036763 0.3786741 
-0.6167808 -1.82924 -2.494698 2.460854 4.106527 2.326416 0.4398666 
0.5622616 1.292995 0.5906874 -1.148667 -4.014626 -0.5869071 0.02637683 
-0.1637561 0.6584045 0.9899368 -0.8946239 -1.407337 -1.222534 0.1415632 
1.076284 2.796215 2.401115 0.1759488 -1.973049 -1.697756 -0.3198481 
-0.07447758 -0.5057228 -1.031043 -1.877891 -0.6244344 0.9071239 -0.3892222 
-0.2580744 -0.4582515 0.01997954 -2.012383 -1.656678 -0.9198154 -0.05069867 
0.2520471 -0.1195876 -0.3599564 -0.2689613 0.1000008 -0.5604228 -0.4008932 
-0.7098711 -0.8999166 -1.223388 0.7244918 2.413664 2.30225 0.662911 
-0.0457426 0.2110288 0.4932446 -1.83873 -1.917412 -0.4983205 0.2494175 
1.110539 0.7593603 1.569397 -0.5111445 -0.2183286 0.00616542 0.0971101 
-0.4155822 1.460819 1.558424 -0.3747039 -1.835839 -0.3519109 -0.2858505 
-1.260847 -0.4364671 -0.3026193 1.628385 2.486648 0.4562309 0.3865421 
-0.6899986 -0.9417498 -2.27944 1.389324 3.241953 2.196777 -0.7087933 
-0.3183493 -0.5381212 0.6440854 1.008619 1.296994 1.091366 1.216559 
0.07915249 0.6112303 1.234687 0.1059029 -0.1715853 -0.4556046 0.4380213 
-0.7127365 0.4788605 0.9726918 0.5213735 -0.1313823 -0.6190014 0.5990406 
-0.339417 -0.9430672 -1.352552 0.6083482 2.661416 0.7564149 -0.174683 
-0.8143733 -0.9339377 -3.650694 0.4524114 3.97708 1.656792 -0.02942394 
-0.2967607 -1.203751 -3.087665 0.5025181 3.830097 1.528255 -0.2098989 
0.9325921 0.7727244 1.540506 0.0715304 -0.4654554 -0.5303233 -0.1946533 
0.3983347 0.242004 0.9032601 3.359672 3.103712 0.6283982 2.174414 
0.04752298 -0.6624931 -1.191062 0.3499786 1.693939 0.8490038 -0.1644704 
1.351881 2.502125 3.601205 -0.2954745 -1.479866 -1.584533 0.5096976 
-0.4227251 -0.6178687 -1.26969 1.419099 1.720669 1.778182 -0.1500163 
-1.137352 -0.7839422 -0.5101667 -0.888384 0.8701214 -0.1628517 -1.155123 
1.390704 0.2213681 0.8038276 0.8518825 -0.2140083 0.6500226 0.5620127 
#
0.1219208 -0.4714182 -0.4547612 0.1992714 0.4528873 -0.04290602 0.29575 -0.3676472 -0.109175 -0.2504857 -0.03004984 -0.1115248 -0.08499366 -0.4103854 -0.1593129 -0.3818201 0.3436419 0.3850186 -0.005516444 -0.07153299 -0.1031818 0.2650752 -0.1613975 0.3080568 0.03513727 -0.1047638 -0.1164653 0.1861309 0.1247819 -0.3743424 -0.002958639 -0.4887497 -0.08399222 -0.1847387 0.2264441 -0.2415144 0.4037508 -0.332456 -0.09719374 -0.1401801 -0.06135875 -0.274191 -0.260933 0.09584956 0.2904653 -0.1123668 0.04971675 -0.4825001 -0.3293972 -0.4626475 
0.4174397 0.3659154 -0.3824466 -0.1172838 -0.08160472 0.242808 0.3140557 -0.2727451 -0.3627393 0.04412992 -0.359255 -0.3300255 0.02285941 -0.2351578 0.1968143 0.04745663 -0.5210412 -0.4303213 -0.1161211 -0.4293574 -0.4073268 0.1232702 0.004219445 -0.3374697 0.4046238 -0.3067616 0.1150815 0.2557456 0.4955612 -0.3888073 0.3605794 -0.1850703 -0.03672678 0.06038658 -0.2685748 0.05531401 0.4245405 0.4485624 0.4053516 0.4068142 -0.03372519 0.1420483 -0.5185139 0.2840261 -0.3732647 -0.2106501 0.2038516 0.4070413 0.3586766 -0.260958 
-0.1222734 -0.05129299 0.1347956 -0.3234804 0.461686 -0.3114938 -0.1572625 0.4808833 0.02768249 -0.1635958 -0.3370135 -0.5040923 -0.1793787 -0.4045601 0.2987434 0.338017 0.2614962 0.5091419 -0.4620594 -0.3336737 0.1415022 -0.3969935 -0.2818794 -0.01216216 0.1635343 -0.08558802 0.1097783 0.2727156 0.4127373 0.08572983 -0.02585921 0.2091646 0.3792096 0.2393704 0.2435536 -0.05185026 0.2434169 -0.1243145 0.1514462 -0.4100879 -0.3458492 -0.487467 -0.01202487 0.1265788 0.2368223 -0.046678 -0.1003995 0.5028412 -0.4667918 -0.1094345 
0.1189146 0.0968108 0.4574725 0.1916033 0.1892743 -0.2654595 -0.2912478 -0.3019691 0.004330138 -0.05057894 -0.02623063 0.1524437 0.4705602 0.3608695 0.2975927 0.1351556 -0.389312 0.083984 -0.03870854 -0.2028376 -0.3883583 -0.144139 -0.3057627 0.5548636 0.4395066 0.07344934 0.04503555 0.1930895 0.2688685 -0.3320682 -0.4439145 0.2103711 0.1874277 0.119206 0.5525411 0.2031967 0.2303469 -0.2636639 -0.4328344 -0.222278 -0.3669959 -0.1173538 0.242536 -0.275752 -0.01030308 -0.02483869 -0.4288751 0.1427938 0.2774397 -0.3925795 
-0.1260192 0.3348965 0.06582869 0.2100359 -0.319683 -0.2455599 -0.008226439 0.3906126 0.2564738 -0.3829436 0.4370355 0.06469035 -0.08076705 -0.1526341 -0.1222286 0.3579721 0.4361662 -0.1936923 0.3996784 -0.4203622 0.293674 0.3882394 0.1529791 -0.367779 -0.3762563 0.1740281 0.09936289 -0.4238198 0.03126991 -0.1254424 0.009319674 0.3759152 0.3872909 0.1656184 0.2716691 -0.245988 -0.3157507 0.4320098 -0.08110216 0.2238601 -0.2033614 0.370758 -0.03305815 0.361353 -0.1395306 0.1416932 -0.4515167 -0.06708663 0.3657844 0.1203544 
0.1046853 0.2281108 0.2842722 0.1726353 -0.2110097 -0.01054935 -0.2485644 -0.08884423 0.07417114 0.04134183 0.1382724 -0.07191324 -0.1505951 -0.121137 0.1146767 0.4508763 0.172806 0.2636718 0.03638143 -0.41257 0.1559656 -0.5532125 0.4463417 -0.3932995 0.3489459 0.4622684 -0.1075469 0.170064 0.2580685 0.02504635 0.1588983 -0.3707227 -0.2975061 0.3506509 0.2461307 0.2541386 -0.3830897 -0.2836849 -0.1014981 -0.1741586 -0.4736109 0.248208 -0.1405323 0.3519879 -0.3982823 0.3176805 -0.04648275 -0.4052701 -0.2386798 -0.1022859 
0.5003123 -0.3548983 0.5284766 0.1998318 0.4294367 -0.03706608 0.36162 0.08946654 0.2961686 -0.2146402 -0.4639839 0.05343389 0.182218 -0.439609 0.3238626 0.1120778 -0.3181191 -0.02641968 0.2121725 0.3566493 0.2598737 -0.1083115 -0.1701549 -0.1972652 -0.4655427 0.4806648 0.2089951 -0.4532923 -0.4399917 -0.4897732 -0.000955358 -0.2730782 0.00235792 -0.1478653 0.01585944 -0.2078176 -0.3082835 -0.09347843 0.4704774 -0.33253 0.410372 -0.03023352 -0.1444332 -0.4616835 -0.3096663 -0.1110332 -0.3531977 -0.2698507 0.4405687 0.01815544 
0.1887211 0.3361949 0.1822853 -0.2581036 -0.03079545 -0.1378191 0.4453454 0.06634153 0.1175091 -0.5451274 0.5368713 0.3014281 0.1783417 0.2609549 0.1917928 0.4225476 -0.4914212 -0.3160713 0.1623781 0.02244204 -0.3493769 0.2643553 0.2130765 0.0282762 0.3608705 -0.08290754 -0.3163344 -0.1143235 -0.4047549 0.07847332 0.2996093 -0.2347261 -0.3687146 -0.06570479 -0.150897 -0.01493095 0.2029648 -0.473557 0.3178541 -0.5197684 -0.006823938 0.1394728 0.2790541 0.3236321 -0.3894003 -0.3975122 0.4558924 0.007752692 -0.3534141 -0.1838155 
-0.03295774 0.1606135 0.4559064 -0.1892139 -0.2982068 0.158256 -0.137097 -0.5372263 -0.1762216 -0.3764116 -0.08372913 0.04656016 0.1888881 -0.4934848 -0.4360833 0.1935053 0.1626389 -0.4489655 -0.01083715 -0.2803174 -0.6117299 0.3856013 -0.04085083 0.04257524 -0.5212213 0.2546131 0.6150916 0.3564089 -0.1674875 0.3018872 -0.02974981 -0.1412361 -0.2777787 0.06107871 -0.3521131 -0.5901769 -0.0167895 0.02867506 -0.2302941 0.08599953 -0.2348564 0.2136113 0.2190863 0.06135417 0.01793469 0.3468382 0.564949 0.1237299 0.06237993 -0.02553176 
-0.1627841 -0.04956285 -0.1347445 0.463716 -0.06773859 -0.3541315 -0.2141445 -0.1921258 -0.1437877 0.1739879 0.1667721 -0.03765761 0.4102714 0.09682969 0.2600841 0.4576708 -0.05200182 -0.4268716 0.3108514 -0.388724 -0.4996043 -0.4196839 -0.533932 0.3936514 -0.4697334 -0.2071835 -0.2456109 0.617403 0.3206009 -0.3568032 0.2410935 -0.2304568 -0.3615112 0.1597998 0.07379839 0.2396899 -0.2649617 -0.2713641 -0.2298004 0.4324329 0.1377334 -0.3614287 -0.3491064 0.007257503 0.301913 0.2456474 0.513281 -0.2756712 0.2624821 0.1600124 
-0.01348237 0.5009887 0.1763437 -0.04138108 0.1227868 -0.06460145 0.1556939 -0.02547183 0.4886977 -0.3762371 -0.3125778 -0.08739423 -0.1322817 -0.3087448 0.5931912 -0.07080723 -0.1929059 -0.2895121 -0.5668766 -0.5175506 0.3070418 -0.2483775 0.4079308 0.2960569 0.009847999 0.1738644 0.26346 -0.02339501 0.455476 -0.2381965 -0.05154258 -0.4147998 -0.3801583 -0.3321244 0.1125852 0.315424 -0.09289234 0.3158699 -0.4838804 -0.277226 -0.4133825 0.3007898 -0.2717088 -0.4998156 0.2543494 -0.06807673 0.2262952 -0.4244961 0.1782478 -0.3178314 
0.02411341 0.2884423 -0.5632074 0.2810904 0.4527676 -0.1223057 -0.4544907 0.4992781 0.4895823 0.3799233 -0.08231375 -0.3310097 -0.09951203 0.2399115 0.2475662 -0.5308713 -0.2601285 -0.2094801 -0.08792108 -0.2982165 -0.1872608 0.0368214 -0.3666461 0.3053498 0.4737383 0.3912266 0.4193652 0.2064325 -0.2804312 -0.3492273 0.4132425 0.223444 -0.5170555 0.2909684 0.1763974 0.2449563 0.501586 -0.1148751 -0.3095806 -0.1835898 0.2123 -0.1654699 0.3377158 -0.3448935 0.344408 0.5103454 -0.2434712 0.06288058 0.008911274 0.1550414 
-0.3641701 0.06573441 0.06227397 -0.1589042 0.4166102 -0.5055304 0.06260803 -0.2724512 0.330852 -0.4788775 -0.1731699 -0.2448201 0.2812692 0.3473716 0.5066661 0.223133 -0.3654626 0.1475552 -0.4061089 0.461333 -0.3518467 0.3948359 -0.5441422 -0.258516 -0.007077459 0.444241 0.1659067 0.447881 -0.4717346 -0.4940828 0.0787361 -0.0809354 -0.1350057 0.1142802 0.4926765 -0.210021 -0.374329 0.1627225 0.3829806 0.1017928 -0.3768581 0.2094308 0.04321454 -0.2563365 0.4935843 -0.05339738 0.03278689 0.5048681 -0.3199206 -0.3612337 
0.3258099 0.2219474 -0.09862377 -0.02955886 -0.02810244 -0.2181478 0.09442241 -0.1330661 0.3460453 0.4578636 -0.1129993 0.1514263 -0.3107812 0.2748193 -0.05199702 0.3733809 0.3944885 -0.3576759 0.3245576 0.1944701 0.07496991 -0.02678001 0.2344517 -0.05486922 0.2740436 -0.06616662 -0.1927392 0.241753 -0.2715805 -0.4310805 -0.1056286 0.1722049 0.264389 0.3789434 -0.3052503 0.3626681 0.4393098 0.3459438 -0.3955167 0.1593486 0.2054691 0.2218773 0.3131487 0.4092969 -0.2903798 0.05401115 -0.03009019 0.251234 0.3267404 -0.4528572 
0.03249728 -0.1094094 -0.3427891 -0.00587165 0.04316924 -0.1877928 0.4417722 0.4931584 0.2011271 -0.4320424 0.4709479 0.2959159 -0.3141118 0.3001367 0.1093562 0.2244359 0.3726455 -0.1906108 0.1134092 0.06606812 0.4755977 -0.4345945 -0.4955918 -0.289851 0.4841874 0.3600634 0.1708814 0.311416 -0.2597244 -0.2540797 0.3741673 0.01978824 0.4880719 -0.3446039 0.04379448 0.4409499 0.1141091 -0.2495323 -0.1297252 0.390066 0.4239719 0.4422244 -0.3613004 -0.426223 0.198294 0.3498696 0.03650945 -0.4773844 -0.2083434 0.03640709 
0.1497931 -0.2751836 -0.3308886 -0.2638931 -0.4155381 0.01853434 -0.1156965 0.4094083 0.007731379 0.1810022 0.20725 -0.363768 0.2696338 -0.06374937 -0.3528569 -0.06124547 0.3284066 -0.4664161 -0.2391853 0.1684182 -0.4020976 0.1917175 0.5115368 0.1871953 0.1378864 -0.4772268 0.3787107 0.464606 -0.008172591 -0.4258939 -0.1715751 0.1530809 0.007901983 0.2076399 0.08301634 0.2293189 -0.17037 0.2445789 -0.4621601 -0.4890381 0.07651511 0.2153164 0.2822702 0.1659716 -0.2946774 0.3150005 -0.3148284 0.2234851 0.3819887 -0.2642719 
-0.4494627 -0.01198606 0.2131174 0.1827482 -0.03487549 -0.5157587 -0.2860034 0.006942944 0.1213775 -0.4056194 0.04004453 -0.1334227 -0.07372359 -0.05651249 -0.1145771 -0.4436404 0.1666685 -0.4121893 0.3455824 -0.05150104 -0.3352059 -0.3858806 0.4280183 -0.2219433 -0.3795329 -0.1002139 0.3508273 -0.2051814 -0.03282652 0.3479828 0.3066092 -0.3213804 -0.4001583 -0.2342673 -0.4470827 0.3478661 0.4679216 0.3834201 -0.257419 0.1083108 -0.05275959 0.3164224 -0.3823085 -0.4880365 -0.0375409 -0.3233738 -0.2542263 -0.1553518 -0.1986264 -0.2884749 
-0.3275871 -0.4838704 0.5826539 -0.07650261 -0.4129353 0.3691779 0.06143095 -0.06824222 0.0278309 -0.5099081 -0.4190269 0.4286151 0.5276945 0.2308992 -0.3343821 0.0633079 -0.2626204 -0.3748958 0.04841588 0.008523512 -0.4527339 0.2337612 0.2306009 -0.2030067 0.4188553 -0.1870681 0.4829349 0.5168377 0.3449887 0.3688017 -0.3731142 0.02919649 0.510029 -0.1765977 0.1868384 0.1362653 -0.3118103 0.1394342 -0.2821603 -0.4779582 -0.2434305 -0.06763696 -0.25078 -0.2482805 -0.08862321 -0.04519522 0.4017288 -0.1352128 0.213889 0.4367799 
0.4366187 -0.3976544 0.351647 0.2786575 -0.4168541 -0.1356657 -0.1369787 0.1781157 0.01129056 0.3323517 -0.4523822 0.0811662 0.142486 0.1702367 0.381682 0.05825347 0.4642124 0.1727193 -0.4919105 0.05305164 -0.2698495 0.1245117 -0.4749232 -0.07807209 -0.2479789 0.1284319 -0.005812827 0.0344122 0.2959345 -0.09313793 -0.05874981 0.03495372 -0.2879584 0.3421944 0.4784994 -0.4509329 0.1743023 -0.3101219 -0.2585809 -0.1534679 -0.1890902 0.04005172 -0.33355 -0.1969983 0.4457664 0.2165171 0.3137479 0.120286 -0.09469732 0.3450298 
0.1000789 -0.1508723 -0.3045077 -0.3210264 0.2333472 -0.02530421 -0.3543276 -0.06855725 0.006614388 -0.06367204 0.4235198 0.3305939 0.4343489 -0.3927721 -0.0751615 -0.1605169 -0.1530274 0.2741584 0.04469822 0.2836675 0.388042 0.3983404 0.1420033 0.03360823 -0.2792022 0.185598 -0.05350165 0.132606 -0.007888857 0.01016132 0.4059896 0.3541765 -0.3077776 0.4671271 0.246645 -0.2621985 -0.3939756 -0.5050716 -0.4070095 0.1106785 0.4778111 -0.2045568 0.2844762 0.2652333 -0.04616754 0.1124827 0.1265532 -0.4859177 0.3825988 -0.1292667 
-0.1966382 -0.4014958 0.3046214 0.1274467 0.4835469 0.3512884 0.2125884 0.1994142 0.4692365 -0.3922926 0.4016408 -0.1437342 0.4699877 0.5058865 0.1835398 -0.5774495 0.2143572 0.5073085 -0.3072539 -0.2954935 -0.09060691 -0.09644191 0.2372177 -0.4826018 0.3682136 0.1471163 -0.4485027 0.1283181 -0.3124579 0.2476402 -0.4179237 -0.08050181 0.2997416 -0.4544708 -0.2509088 0.3427903 0.4976589 0.1048796 -0.5924864 -0.4878093 -0.02073946 0.003562568 -0.4194961 -0.4865114 0.2674297 0.2295501 -0.3518348 0.2489021 -0.3212686 0.02540659 
0.4702148 0.1140495 0.3305133 0.07302966 -0.5419388 0.3800112 -0.06339607 0.203269 0.1962954 -0.3941628 0.2541094 -0.3664724 -0.03817358 -0.3795086 -0.6032484 0.02597865 -0.1232614 0.2971001 0.2890895 0.2638493 -0.5955666 -0.4003079 0.3562356 -0.1605396 0.04993794 0.456431 -0.05148148 0.1438053 -0.01001 -0.2670197 -0.004782805 -0.2197032 0.1579937 0.1767828 0.2629719 -0.2934453 -0.01714706 -0.5073965 0.5275568 -0.3895319 -0.03025952 -0.3173803 0.2793106 0.2043467 -0.3208882 -0.1185644 -0.4333594 0.1946567 -0.4583886 -0.4620585 
-0.2988136 -0.02491746 0.1377069 -0.2868369 -0.1458321 0.4321242 0.3020548 -0.04294498 -0.4897469 -0.3036381 0.2987122 0.267947 -0.1404211 0.03165737 0.3179691 -0.504001 -0.02645585 0.1361206 -0.4475093 0.1479993 0.4109027 -0.1144883 0.5931642 -0.08646143 -0.183376 0.4324141 -0.1581299 -0.4725564 0.523477 -0.1282476 0.3714711 -0.08595566 0.1942755 -0.4224077 -0.5297432 -0.3391197 -0.01218717 -0.3308555 -0.2330536 -0.4200853 0.1237753 -0.3438486 -0.3165174 0.1374038 -0.05342707 0.4715591 0.08186569 -0.3685083 -0.3563523 -0.5081366 
0.3643988 -0.1267234 0.04778228 -0.1665798 -0.2471724 0.2609779 -0.2248933 -0.1425913 0.4208849 0.01756527 -0.08801696 0.04540765 0.09066978 0.2788156 0.02289127 -0.2654288 0.5031399 -0.1866857 0.0443121 0.05548246 0.2750271 -0.1725904 -0.1377473 -0.2979972 -0.4113066 0.3574797 -0.228902 -0.1428564 -0.4660455 0.04936775 -0.2314542 -0.4052458 -0.3348872 0.4437619 -0.08892538 -0.1402896 0.5015242 -0.1591785 0.4407693 -0.1475037 0.4457643 -0.3643268 -0.139552 0.3565671 0.2509219 -0.4622806 0.04974051 -0.1380637 -0.3525223 -0.1924365 
0.2957762 -0.1422714 0.200949 -0.03225787 -0.2250328 0.08385163 -0.47523 -0.1808769 -0.2364026 -0.1137161 -0.03225726 0.4343387 -0.1712826 -0.1549734 -0.2352465 -0.157973 -0.105141 0.1597743 -0.1287535 -0.3146447 -0.2596928 0.1892592 -0.102591 -0.2816193 0.1300463 0.104405 0.4516527 0.05096152 -0.08177029 -0.4713898 -0.1363169 0.4459014 -0.3548552 0.2572725 0.2807021 0.4396749 -0.08887219 0.2512275 0.1551666 0.3417655 -0.1823811 0.1999219 -0.4021922 0.06398688 0.3687836 0.4925934 0.3513012 -0.4651158 0.05612926 -0.0674982 
0.2077068 0.3728922 0.4243415 0.4320043 -0.4695549 -0.2912756 0.459775 -0.02884742 0.251241 0.08228317 0.1953486 0.04575798 0.301533 -0.3886789 0.4059245 0.005479144 0.2394556 0.02795208 0.0174578 -0.1832237 0.3831452 0.3180759 0.5137981 -0.04375291 0.3057317 0.1112759 0.1412475 0.2282505 -0.08929673 0.2045626 0.2803123 0.406253 0.5253 -0.5523691 -0.1705202 -0.02584091 0.4008578 -0.3740181 0.04216465 -0.01297429 0.4380841 0.5017483 0.4001195 -0.5077185 -0.3272511 0.2325824 0.2214372 0.3659229 0.04081508 -0.2034743 
-0.2087756 -0.258493 -0.06152606 -0.363175 -0.1263599 -0.5275635 0.4948575 -0.1365066 -0.465087 -0.05494231 0.1453832 -0.2893273 -0.3593217 -0.3950372 0.2430523 0.132778 -0.06889548 0.2411968 0.2863843 -0.1026465 0.006237892 0.1476045 0.350251 0.4550084 -0.2266731 -0.3621565 0.3459888 0.3631766 -0.0905744 -0.3809218 0.2366414 0.07222797 -0.09087081 -0.5410396 -0.1522258 -0.09348628 -0.06218469 0.1271607 0.04763865 -0.2130514 0.1185337 0.0408119 -0.4264379 -0.5013883 -0.5688491 0.290025 0.1580895 0.1040976 -0.250157 -0.03737684 
-0.208538 0.3246264 -0.3287387 -0.4485989 0.1971851 0.05925969 -0.1437501 0.008886222 0.3701447 -0.08105504 -0.1876666 0.4204459 -0.3990059 -0.4513666 0.3137618 0.5462494 0.3321235 -0.4125707 0.405901 -0.1873537 -0.3726245 0.3299889 -0.1711412 -0.0231383 0.3476076 -0.3312168 0.1020245 0.3994623 0.426315 0.04893109 -0.1988616 -0.4612723 0.2564987 0.2272153 0.2331695 0.2295864 0.09124914 -0.2944188 -0.2064638 0.3164774 -0.3242887 0.457395 0.2879496 -0.4217041 -0.4048327 0.08284074 -0.1794771 0.4892273 -0.2340508 -0.3744876 
0.4782872 0.146065 0.3943122 0.3348133 -0.07595314 -0.03215125 0.1391268 0.1758018 -0.3041085 0.08447494 -0.4799751 0.04561236 0.0701536 -0.1812434 -0.3773244 -0.2779261 -0.3419072 -0.07469365 -0.2038274 -0.4334767 -0.1934116 0.09797842 0.2841884 0.3569451 -0.2979718 -0.3187516 0.4397952 -0.3029202 -0.1845509 -0.3137455 0.3476923 0.08449768 0.01018621 0.2814295 0.04442227 0.1441842 -0.4039429 0.4586249 -0.2170264 -0.2201973 -0.4100372 0.4009499 -0.4591982 0.2352774 0.3491604 0.113641 -0.08588012 0.02245795 0.4735954 0.3991781 
0.07970469 0.3807758 0.168111 -0.3132054 0.2763933 -0.1838214 0.4040575 -0.5078642 0.1166463 -0.2728127 0.06338119 -0.0474773 -0.1372775 -0.4969677 0.2305631 -0.05422295 -0.5076804 0.2611577 0.2614857 0.003514436 -0.4357619 -0.2818853 -0.4103388 0.5180382 0.4130688 -0.05886369 0.1407592 -0.496972 -0.4051884 0.101601 0.2504214 -0.1394808 -0.2311719 -0.08520465 0.08404602 0.3857548 0.3658641 -0.2285025 0.4509267 -0.3442767 0.2434223 -0.3796401 -0.1599547 -0.4568882 0.2338073 0.1881962 0.04870594 0.4591837 0.4834894 -0.1332189 
0.02377396 0.1609665 0.3360155 0.02095665 0.3495795 -0.1832127 0.2547295 0.2292665 -0.2189493 -0.03802158 0.2560117 0.3163404 0.5287325 -0.417195 0.03235554 -0.3405288 -0.235409 0.4649794 -0.06295705 0.4197712 0.1115399 0.23037 0.3736449 0.04152541 0.3105107 0.4391894 0.313777 -0.4549057 -0.3157928 -0.2821054 0.2143785 0.1809446 -0.5078938 0.2166126 -0.4143654 -0.3063752 0.143104 0.3183951 0.08495332 -0.194348 -0.3420811 -0.2792359 -0.4625388 0.1149135 0.002187089 0.4235564 -0.3333125 -0.1786121 -0.02728603 0.168168 
-0.09712682 0.1086819 0.2002865 -0.290637 0.4104545 0.1978206 0.2511818 -0.2290693 0.239011 0.3556519 -0.1725977 0.2086984 -0.01861321 -0.4401399 0.09682876 -0.3142575 0.4047951 -0.1254488 -0.4147018 -0.02917171 0.09669004 -0.1557843 -0.3190793 -0.3062078 0.2772267 -0.2322469 0.117959 -0.2695359 -0.4529921 0.3245094 0.2706559 0.1588321 -0.04338462 0.1555538 0.4054205 -0.2664021 -0.4383244 0.4325615 0.3740609 -0.1971592 -0.2573661 -0.2832936 -0.4693495 0.4240753 0.3666357 -0.1768756 0.3272431 -0.3915877 0.4497614 -0.1119237 
-0.378626 0.2823408 -0.260796 -0.4408329 -0.4875803 -0.5449448 -0.07826272 -0.1425433 -0.1045987 -0.0623219 -0.2791523 0.1031478 -0.3714461 0.2818552 0.3685973 0.3511495 -0.3328084 0.2676813 -0.3095854 -0.08556628 -0.487697 0.5059046 -0.05102435 0.3629806 -0.4946094 -0.272999 -0.01972974 -0.07058905 -0.089887 -0.1227051 0.07127826 0.08994257 -0.1683169 0.2406032 0.2632443 -0.5332291 -0.2093722 -0.2146297 0.005946809 0.2058528 0.2679074 0.1568713 -0.05895792 -0.2212229 0.4193155 0.2384117 -0.2558573 -0.3670508 0.392588 0.3695983 
-0.2875217 0.500438 0.2115893 -0.01931703 -0.3469999 -0.3459588 -0.09670559 -0.1701098 -0.4894302 0.3526644 0.205095 0.520285 -0.4434083 -0.4633982 0.4140801 -0.1620182 -0.2858723 -0.2574433 -0.6305889 0.3299587 -0.04711943 0.3334233 -0.1164209 -0.1629827 0.05596844 0.01844757 0.1000735 -0.3767957 0.4423578 -0.1130887 0.4713514 -0.3847613 0.08696344 -0.172958 -0.390396 0.06544849 0.2616284 0.1038492 0.05821235 0.1886531 0.2412518 0.4774074 -0.1440319 0.02579509 -0.4183185 0.4134434 -0.03528756 -0.2463271 -0.07219937 -0.08131079 
0.03094943 0.4695755 -0.3897086 -0.5425604 -0.1727394 -0.260342 0.1731133 -0.1558771 0.3880753 0.1960311 0.05108261 -0.3066102 0.03623025 0.1765341 -0.49597 -0.1443022 -0.1603043 0.1408017 0.3090391 -0.2555741 0.08473881 0.07720585 0.2442924 -0.2420589 -0.4094448 0.1658607 0.14684 0.215318 -0.1845184 0.3400358 0.5050235 -0.3977983 0.4285792 -0.192193 0.3175946 0.3613247 -0.5051663 -0.08000052 0.5496546 0.4170647 -0.4559289 -0.037333 0.2315217 0.2541792 -0.3499904 0.07172295 -0.1490238 0.01875859 0.05316649 0.176857 
-0.05147311 0.327704 0.004296779 -0.4904876 0.31227 0.3798706 -0.329552 0.3945551 0.3732842 0.2655416 0.2347848 0.3724584 -0.3657213 -0.3830058 0.2563336 -0.1381411 -0.2529765 -0.3317533 0.3677543 -0.4011548 -0.1313126 0.4109347 0.2063926 0.4273354 -0.2688642 -0.2572669 0.3693716 0.3752027 -0.4287257 0.1251045 -0.2830611 0.4568854 -0.2222627 -0.04214784 -0.1506044 -0.3448238 0.2225669 0.2877809 -0.1078663 -0.530131 0.262626 -0.318745 0.1489101 -0.3581412 -0.2266161 -0.2641924 -0.3343386 0.1297412 0.5163566 0.3630368 
-0.2264488 -0.6113402 0.5693003 -0.06080862 -0.1079421 -0.2610404 -0.4934287 0.1160383 0.3152606 0.1402023 0.3609889 -0.3506675 0.3977993 -0.193025 0.04995713 0.4214745 0.1462565 0.2064068 0.4726855 0.09922495 0.1611513 -0.06923249 0.05578654 0.506722 -0.117261 -0.2246339 -0.1920184 0.1333533 0.05913131 -0.4621679 0.3987863 -0.2679833 -0.5211451 -0.3069389 -0.1584819 -0.4504677 -0.2174691 0.3634232 -0.262796 0.4497712 -0.4613666 -0.5453272 -0.6046943 0.4029508 -0.4307755 -0.1166552 -0.1973109 -0.09948911 0.0505443 0.1444742 
0.09149064 0.02276355 0.4283136 -0.1518575 -0.3059576 0.2961297 -0.002459676 0.4165278 -0.4389398 -0.4196887 -0.315723 0.02794417 -0.4883247 0.2321392 0.1223649 0.3099676 -0.3242074 0.2080761 -0.4725105 0.01110367 -0.05425439 0.2953055 0.02383537 0.3757467 0.01591663 0.08699334 -0.07081175 0.2746555 0.2801461 0.2745107 -0.4550887 0.4498461 0.4035005 0.478576 -0.03460837 -0.0814551 -0.191337 0.1720664 0.4729415 -0.06711609 0.03402531 -0.1845079 0.2603968 -0.4534286 0.1783342 0.06673106 -0.4421752 -0.1848148 -0.2117498 -0.2528511 
-0.04683439 0.09798225 -0.2705158 -0.4354031 -0.3853083 0.3424673 -0.4350988 -0.4932727 0.3308502 0.05158551 -0.02990752 0.2645381 -0.3792595 -0.2679729 -0.4552136 -0.3269916 0.07681572 -0.5074245 -0.3229803 -0.3172745 -0.04431087 0.01586106 0.2347324 0.05615869 0.4152264 -0.3391107 -0.455107 -0.06360029 -0.2703918 0.4578285 0.0753343 -0.4296726 0.02145269 0.006194309 -0.1694272 -0.03451501 0.08660464 0.2326505 0.2698188 0.0882208 -0.09162442 -0.2074823 0.3688533 -0.1432248 -0.5411273 0.3868912 -0.3454309 -0.04337813 -0.4319794 -0.1303898 
0.4633028 -0.4390354 -0.5194978 -0.4106911 0.240486 0.4604772 0.3088846 0.2660996 -0.4182627 -0.4624612 0.3266279 0.05863114 0.2850762 0.3472499 -0.4345241 -0.2463979 -0.2601528 0.08560851 0.330342 -0.0008639746 0.1371443 0.2943564 -0.181815 0.02470133 0.278643 -0.202255 0.1677285 -0.1594831 0.07391715 -0.278252 0.4301322 -0.007639997 -0.04069342 0.2044768 0.4424218 -0.02135195 -0.5013304 -0.1270985 0.2324275 -0.08781936 0.2148629 0.316969 0.1398878 0.2144545 0.3348975 0.3876313 -0.1549709 0.3966042 -0.1735733 0.1961275 
0.09098598 0.1634234 0.04309474 -0.0180692 0.2462354 -0.3274271 0.3293273 -0.1007854 -0.2129108 -0.01498948 -0.2507918 -0.02113203 -0.3365023 -0.5169324 -0.4146164 -0.2693048 -0.4605525 -0.4085331 0.3493787 0.09304235 -0.3146705 0.3566436 0.3402405 -0.1364014 0.3024273 0.3330132 -0.2612087 -0.03554225 0.2977646 0.4244993 0.4168977 0.216434 -0.4378307 0.3354233 0.05056772 -0.1724668 0.3565131 0.4507239 0.4942455 0.316403 0.1777218 0.164486 -0.4510384 -0.2313295 -0.2722566 -0.2580305 0.1332739 0.1058564 0.1746287 0.01147182 
0.1916581 -0.03863674 -0.6997275 0.312236 0.1283737 0.286667 0.1537735 -0.1790706 0.2492486 0.5956238 0.4195712 -0.2253154 0.1388932 0.03745568 0.2400624 -0.06559251 0.03171486 0.00860506 -0.1601315 0.425606 0.07045387 -0.3848931 -0.2013464 -0.5482772 0.5791693 -0.09303558 0.121753 0.002079267 -0.4515318 0.01747966 -0.2232331 0.2191725 0.1847174 -0.1761886 -0.309751 0.2383806 0.2807481 0.02006337 -0.3715809 0.3694398 0.02136683 0.1916713 -0.08115293 -0.4176937 0.5917624 0.09150873 -0.5160573 0.3179131 0.1535174 0.4210591 
0.380817 -0.2599667 -0.2797657 0.3422781 -0.3984178 0.2178557 -0.3410309 0.3974372 0.1606557 0.4197339 0.4168702 -0.1657636 -0.5836627 -0.4511563 0.258932 -0.1810614 -0.01255025 -0.1277679 -0.1885097 -0.5503882 0.2305988 -0.538074 0.4319595 0.04009036 -0.299338 0.2679003 0.33709 -0.4110883 -0.3535289 0.194481 -0.03337206 -0.3989942 0.3554852 -0.1443742 0.2046821 0.3171798 -0.195194 0.4220653 -0.3193563 -0.1838938 0.01499779 0.2619096 0.09441078 -0.1362888 0.4284096 -0.3180237 0.1673689 -0.3445406 -0.1970706 0.1266719 
0.3819753 0.1037206 -0.1573728 0.09315335 0.4182661 0.3029315 -0.1220992 0.07809206 0.1367513 -0.1354604 0.4628863 -0.3783632 0.2945873 -0.389631 -0.0627307 0.2412751 -0.1327954 0.03042915 -0.1364249 0.3878225 0.3857301 0.07065636 -0.2349413 0.4836234 -0.02881158 0.470337 -0.07371369 0.0381061 0.168393 0.486534 -0.447072 0.06867849 0.3835877 -0.06397916 0.2514924 0.3065135 0.306674 -0.3634155 -0.03148324 0.3445728 0.02245398 0.2578072 -0.2122598 0.1422604 -0.144853 -0.1211446 -0.5027325 -0.02135343 0.5142008 -0.3851087 
0.3541138 -0.4818038 0.3881295 -0.2307453 0.1944606 -0.3487674 -0.1238279 -0.1518274 -0.4448199 -0.4986277 -0.06511404 0.2417939 -0.4755929 0.153679 -0.1674594 -0.07645372 -0.2953943 -0.2043995 -0.007735403 0.05198707 -0.4975508 -0.3215933 -0.3978291 0.05913608 -0.1108164 -0.307663 -0.2370183 0.1119607 0.07042655 -0.3950802 0.364237 0.3386686 0.154036 -0.06356122 -0.4017614 0.3754308 0.2966903 0.03882375 0.3377981 0.01879046 9.196604E-05 -0.105084 -0.4384473 -0.1157125 -0.1101301 0.2104029 0.192904 0.09779663 -0.2426471 -0.4226719 
-0.2929965 0.09376737 -0.296732 -0.1147269 -0.3506614 0.1167669 0.4612895 -0.2385364 0.3568711 0.03079173 -0.4820143 0.2198449 0.3291082 -0.5137654 -0.4926994 0.2330329 -0.369241 0.05506201 0.1604822 -0.01517403 -0.07344821 0.2035642 0.06336796 0.4470237 -0.464881 0.1457734 -0.3008812 0.2485127 -0.381985 0.09032543 -0.05779766 0.104538 -0.1375665 -0.04057859 0.4073735 -0.2338406 0.2163724 -0.3197359 -0.2621605 -0.0111897 0.4437006 0.1126832 0.1681266 -0.2916482 0.003649444 0.1846153 0.05884899 -0.4247649 -0.1726034 0.2830749 
0.2077268 -0.165172 -0.6083987 0.2047846 0.07917971 0.1877435 -0.32161 -0.2393861 -0.1788456 -0.008740001 0.04476876 -0.1547434 -0.4690609 -0.3244613 -0.3227441 -0.2267891 -0.1542764 -0.1712159 -0.5471516 0.2301387 0.3527436 0.486903 -0.2116111 -0.5395497 -0.01061143 0.4389468 0.5230106 -0.340325 -0.1100917 -0.09110696 -0.4327425 -0.4732926 -0.101692 -0.3006253 0.4495473 -0.290854 0.0748219 -0.007118507 0.207027 -0.1990818 -0.2778817 0.01154477 0.383377 0.1464061 -0.5069134 0.24347 -0.1959874 -0.09109275 -0.254889 -0.3806252 
-0.204164 -0.3913789 -0.4282913 0.163728 0.4757887 0.09132432 0.3073358 -0.4207288 -0.231855 0.3210591 -0.05585266 0.233621 0.5042507 -0.3994201 0.05859504 -0.01160268 0.4810708 0.4135661 -0.09226515 0.3844636 0.3898435 0.3855968 -0.01517341 0.2460671 0.1614351 -0.07008418 -0.4459346 0.1338997 0.4179448 0.3254467 -0.05054927 0.1282694 -0.2915464 -0.2745475 0.5112388 0.3807099 -0.3539236 0.29959 -0.1124432 -0.1703857 -0.1324478 -0.06024185 -0.2128918 -0.4576618 0.4303956 -0.1678026 -0.06853239 0.3661284 -0.3444621 0.2485196 
0.3068393 0.1110262 -0.4441813 -0.3047447 -0.2272614 0.05185715 0.131482 -0.1909221 -0.5754132 -0.08120711 0.1198879 -0.2221675 -0.516892 -0.2026798 -0.2604355 0.4140624 0.00322787 0.2693507 -0.4301556 0.1918285 -0.2461133 -0.3597263 0.008418559 -0.6050606 -0.07294374 -0.117262 0.03178241 0.007958344 0.332684 -0.2470788 -0.462683 -0.2210238 -0.05723666 -0.2556443 -0.4427548 0.3975836 -0.1516125 -0.5187624 0.3725173 -0.1385648 -0.2740922 0.2598026 0.2377751 0.4278035 0.1471097 -0.3478853 -0.07192102 0.4545673 0.2701702 0.3697444 
0.3238133 0.252621 0.03885914 0.02269261 -0.05703767 0.1509351 -0.4451396 -0.361283 0.339862 0.5160421 0.4909061 -0.4217499 0.03871956 0.3473448 0.04263999 -0.299219 0.3738019 0.3210988 -0.3122939 -0.1166521 0.09610928 0.09534299 0.4370254 0.211703 0.0294633 -0.04458242 -0.108733 -0.05662431 -0.1957291 -0.2299349 0.4114825 0.07507728 0.251739 0.4390301 -0.1047587 -0.08927745 0.2647273 0.4679615 0.3117994 0.01552868 0.3288342 -0.1584201 -0.2346235 0.4066747 -0.03095893 -0.2836829 -0.3630757 0.5255553 0.04951486 -0.05075253 
#
-0.2535159 -0.01051012 0.4467408 0.07163948 -0.05957438 -0.2609016 0.02144372 0.1910483 0.2278176 0.2845327 -0.5229087 0.3169951 0.4004145 0.1508875 -0.3669885 -0.1125768 -0.4078445 -0.06950468 0.1521937 -0.4416576 0.3936036 0.1256807 0.1179357 0.2393682 -0.136117 -0.2172993 -0.27436 -0.4267336 -0.3181223 -0.1903811 -0.2554869 -0.00492475 -0.3862129 0.1847603 0.288996 -0.1484295 0.4046884 -0.2266489 -0.1237226 -0.4735364 0.1083489 0.5132549 0.3208147 -0.3483036 -0.3999316 -0.3295538 -0.07395906 0.5486044 0.1802377 0.6096635 
0.2967626 0.1321108 -0.1530825 -0.238642 0.2598346 0.01211093 0.2910606 0.3749482 0.3733513 -0.5736991 -0.4279121 0.1960329 -0.02260683 0.03891375 0.2050641 0.2210449 0.01670826 0.3257863 -0.08226015 0.3808661 0.2115185 0.2214908 -0.4029572 -0.2527592 -0.1809398 0.3705182 0.03668631 0.4195633 -0.1089991 0.07731415 0.3645164 0.43973 0.0076941 -0.1395036 0.003078824 0.3044783 -0.5692208 0.05054681 -0.09968808 0.1922687 -0.1546308 0.5665506 0.2652723 0.05574914 0.2870352 0.3254538 -0.2811223 -0.1750656 -0.08946295 0.1974521 
#
##### Level: 4  Time: 3.635 #####
##### 2022/12/19 15:46:38 ##### Type: Tanh
