##### 2022/12/19 15:31:14 ##### Type: Tanh
0.1305324 -0.2621977 0.1947236 -0.6520476 -0.6837417 -0.3649093 0.1531189 
0.3554195 -0.1444257 0.3363238 -0.1079671 0.1206363 0.3331044 -0.18313 
0.5233732 -0.006075127 0.5541346 0.02801316 -0.2167422 0.09384379 -0.01530628 
0.2734824 -0.2633528 -0.2474802 0.9120155 1.689486 0.3216341 0.1420449 
0.409632 0.5572435 0.6531479 0.9493404 1.156823 0.5159794 0.1179019 
-0.357799 0.2016917 -0.07129466 0.1076571 0.7416291 -0.3746833 -0.2636992 
-0.1426425 0.4115153 -0.4070327 -0.7266344 0.1823627 0.3895637 -0.365111 
0.6137599 0.4481948 -0.2983423 0.9009003 0.6687916 0.2699744 -0.2899261 
-0.2150542 0.3257655 -0.007867657 -0.05120765 0.4706636 -0.1568601 -0.33314 
0.1412723 0.5639637 0.3296408 0.6520932 1.324081 0.7005056 0.5853179 
0.203033 0.01023214 -0.1416066 -0.48577 -0.5295392 -0.3765813 -0.3265274 
-0.391367 0.3494592 -0.03125896 -0.5396654 0.02701448 -0.2455562 0.1952104 
-0.4203522 0.4262137 -0.4760143 -0.4841785 -0.3382067 -0.1383378 0.3847627 
0.4532216 0.531782 -0.01292799 -0.2100256 0.6883099 -0.3258598 0.4339576 
-0.359255 0.1160605 -0.05310465 0.2821604 1.554289 -0.03881607 -0.1447832 
-0.2491492 0.08439695 0.1664706 0.3828405 -0.07273066 0.345674 -0.4230117 
0.4585503 0.4488743 0.3113054 0.9163744 1.094567 0.007758298 -0.005366848 
0.4866261 0.1316558 0.4122562 0.8083571 -0.168203 0.4848847 0.3749803 
0.1466402 -0.4318489 0.4727584 0.497702 -0.01152148 -0.03551337 -0.2777976 
-0.02963799 -0.1760954 -0.3408308 0.5589694 -0.1018178 0.1344763 0.3967687 
0.07172976 0.03449058 -0.06884514 1.062694 1.769332 0.7029591 -0.1871094 
-0.3969989 0.2271786 -0.2781616 -0.2422112 0.09898879 -0.05427644 -0.517521 
0.4066293 -0.04727412 0.05554129 0.1030515 -0.06343868 -0.1209446 0.178713 
0.1153228 0.3375459 -0.1554734 -0.09182021 0.09366839 0.4632729 -0.01682044 
0.2046101 0.2048885 -0.02637615 1.038822 0.9794515 0.2267782 0.256816 
-0.3170085 0.1221324 -0.6214973 -0.1235274 -0.95769 0.1496436 -0.1767318 
-0.3764742 -0.02655732 0.1116529 -0.6344757 -0.3028871 -0.5398757 -0.07752243 
0.3578252 0.09190302 -0.2566465 0.2752755 -0.05767455 -0.2843001 0.2962962 
-0.1392251 0.1918908 -0.09336709 -1.314895 -0.5708371 -0.1346112 -0.1095205 
-0.34076 -0.4938713 -0.526025 -0.1243773 0.2149558 -0.1601877 0.03990259 
0.2131674 -0.02341149 0.04413024 -0.2303913 0.03827698 -0.2738896 -0.1445722 
-0.3063398 -0.02255344 0.2909967 0.07369565 0.06259477 0.3670578 0.2160501 
-0.5552132 -0.5201111 -0.6059481 -0.342414 -0.2843043 0.2793464 0.1999028 
0.4141682 -0.04899892 0.4447269 0.09636903 -0.1415905 0.4249512 -0.4349222 
0.00787372 0.2049702 -0.05555358 0.7124166 -0.07140817 0.4007279 -0.3816832 
-0.2361403 0.3655913 0.4640778 1.002143 1.440385 0.1567001 -0.02124375 
-0.08641946 0.3918243 0.1025949 -0.06405145 0.2687196 0.3881059 -0.2469695 
-0.3286631 -0.2941233 0.07389493 0.6591672 1.311219 0.59115 0.5050998 
-0.4141593 0.1614138 0.3954345 0.03300379 0.03060812 -0.1320639 0.2255478 
0.3315853 -0.06917652 0.2587848 -0.02040566 0.4776951 0.1518254 0.4338734 
-0.1497845 -0.2177523 0.46183 -0.03002104 -0.0009647232 -0.03207647 0.01941674 
0.03152824 -0.1623956 -0.464466 -0.6047328 -0.4090983 0.278069 -0.04071711 
0.209326 -0.3909824 -0.1470403 -0.2893095 0.1062258 -0.09464961 -0.3881792 
-0.3802021 0.4408669 -0.1064161 0.61048 -0.01992944 0.2003805 0.1317357 
0.1604748 0.5070307 -0.1708568 1.422608 1.186625 0.1390907 0.4135277 
0.3219371 -0.03760268 -0.2896421 -0.278031 0.1075558 -0.1191502 0.03328902 
-0.2310803 0.2404158 0.4042086 0.0733697 0.03856143 -0.280465 -0.329769 
-0.1243514 -0.0549357 0.5467281 0.8558689 -0.2243123 0.3804804 -0.202431 
-0.1080234 0.136956 0.3090594 -0.397125 0.3900219 0.4458447 -0.3769451 
0.102773 -0.388624 0.2442077 0.4684365 0.08245893 0.3270636 0.357603 
#
0.1215713 -0.3721261 -0.4733594 0.2003589 0.4539736 0.03385793 0.3099114 -0.3526545 -0.08499445 -0.2493619 0.06307155 -0.1078444 -0.09016407 -0.4093718 -0.1278211 -0.4200972 0.3448522 0.3876572 -0.0418282 -0.08635399 -0.1044092 0.2894022 -0.1600696 0.2682608 0.03798516 -0.1058903 -0.1188239 0.1646737 0.1272621 -0.3754227 0.01338542 -0.4863939 -0.1030396 -0.1837372 0.2234556 -0.2262081 0.4223781 -0.3313551 -0.1377763 -0.1835969 -0.0261061 -0.2588605 -0.2815166 0.08286333 0.2915516 -0.05099402 0.0418344 -0.4793579 -0.2926153 -0.4668919 
0.3987526 0.4221825 -0.4318952 -0.09714068 -0.06146155 0.3150434 0.295076 -0.2530673 -0.3356214 0.06427219 -0.3307736 -0.3508582 0.04276529 -0.2150723 0.2379188 0.02623348 -0.5009273 -0.41467 -0.1401581 -0.4090609 -0.375064 0.1745925 0.03961736 -0.3666838 0.4255468 -0.336166 0.09459034 0.2517144 0.4770896 -0.4089512 0.3556119 -0.1635299 -0.05089912 0.08049209 -0.2591242 0.08560542 0.4657851 0.4687061 0.3665959 0.4141327 -0.008709433 0.1850722 -0.4831194 0.2903581 -0.3531212 -0.1696556 0.2060293 0.4246345 0.3380902 -0.247458 
-0.08240191 -0.04907631 0.1537529 -0.3610158 0.4241505 -0.2824261 -0.1314011 0.4528297 -0.02997858 -0.2011974 -0.2796896 -0.4715691 -0.2300634 -0.4421289 0.2385601 0.3256857 0.2239591 0.4712067 -0.4716292 -0.3561284 0.09372503 -0.4660116 -0.2680963 -0.0599241 0.1272092 -0.04092904 0.1447655 0.251983 0.4500928 0.123261 -0.04484108 0.1746805 0.4047111 0.2018585 0.1823624 -0.08193509 0.1837213 -0.161878 0.1699786 -0.459516 -0.2936352 -0.4916615 -0.01971442 0.07722671 0.1992855 -0.0590982 -0.1220321 0.4721389 -0.4308027 -0.1438956 
0.1102343 0.2484955 0.3870446 0.1983749 0.1960458 -0.09042712 -0.2945836 -0.2814395 0.01346602 -0.04381583 0.04352137 0.1455377 0.4561729 0.3676665 0.3200483 0.07311009 -0.3825428 0.09204365 -0.1065602 -0.1762526 -0.3552251 -0.1094195 -0.2270236 0.4904502 0.4487579 0.04657253 0.02067392 0.1517586 0.2633889 -0.3388399 -0.4288215 0.2220676 0.1758829 0.1259811 0.4998812 0.2273903 0.2622821 -0.2568944 -0.4864593 -0.2392429 -0.3161541 -0.03530642 0.2999598 -0.2763903 -0.003531187 0.05812238 -0.4420686 0.1420196 0.2778709 -0.3862445 
-0.1386957 0.3059766 0.05633807 0.2212818 -0.3084349 -0.2720281 -0.0206337 0.3904397 0.2453369 -0.3716947 0.3851394 0.05744639 -0.05299983 -0.1413297 -0.1292167 0.3392107 0.4473188 -0.1762055 0.3816833 -0.4028641 0.3062315 0.3665588 0.07056052 -0.3558374 -0.3690777 0.163996 0.08795357 -0.4527021 0.01882418 -0.1366752 -0.008649864 0.3860569 0.3967983 0.1767774 0.2880319 -0.2432096 -0.3433521 0.4432577 -0.06562981 0.2559457 -0.250489 0.3691255 -0.005332388 0.3843918 -0.1282848 0.1405902 -0.4607542 -0.0646342 0.3451986 0.1398325 
0.09725947 0.2243372 0.26005 0.1811762 -0.2024689 -0.008756907 -0.2603607 -0.07944678 0.09707447 0.04992149 0.1423611 -0.0759812 -0.1172961 -0.112666 0.1645702 0.4729421 0.181356 0.2781054 0.06015155 -0.3957826 0.1855958 -0.4983228 0.4023364 -0.3933748 0.3581477 0.4390411 -0.1195753 0.1734432 0.2491357 0.01650324 0.1259782 -0.3581836 -0.3139018 0.3591195 0.277672 0.2687609 -0.3442219 -0.275129 -0.1145025 -0.1621043 -0.4741802 0.2405222 -0.1391785 0.3812846 -0.389743 0.3207914 -0.0316002 -0.3867632 -0.2621963 -0.08780318 
0.4881686 -0.2343773 0.3891349 0.2132561 0.4428602 0.08460316 0.3448337 0.105713 0.3225771 -0.2012212 -0.3887316 0.05166562 0.1835791 -0.4262772 0.3894556 0.03255025 -0.3046857 0.002638994 0.1231544 0.4060382 0.3086065 -0.04996605 -0.1092888 -0.2383716 -0.449609 0.4416344 0.1724542 -0.4872137 -0.4494942 -0.5031867 0.001978529 -0.2510211 -0.0137085 -0.1346127 0.02448224 -0.1758693 -0.2666515 -0.08005693 0.3928353 -0.3516712 0.4423531 0.03383907 -0.08355425 -0.4425614 -0.2962427 -0.004550537 -0.3976161 -0.2414317 0.4498839 0.04539809 
0.1648585 0.4293944 0.02378083 -0.2318706 -0.004561314 -0.03947887 0.4230303 0.07216222 0.1591418 -0.5188587 0.5147741 0.2956042 0.1851926 0.2871113 0.2835784 0.3146196 -0.465197 -0.2711803 0.04818257 0.08006353 -0.2938758 0.2658854 0.1623996 -0.01327166 0.3891616 -0.1299437 -0.3687007 -0.1613905 -0.4257024 0.05225838 0.3529317 -0.211499 -0.3906004 -0.03972436 -0.1406352 -0.008421305 0.2425528 -0.4473101 0.3143354 -0.4819256 -0.01382196 0.1784788 0.3346998 0.3603597 -0.3631675 -0.3233669 0.396382 0.04108124 -0.338254 -0.1384209 
-0.0639678 0.2990184 0.2831873 -0.1561704 -0.2651636 0.2836736 -0.1741113 -0.5065933 -0.1234532 -0.3434064 -0.01053898 0.03443434 0.2010524 -0.4605556 -0.3364714 0.1100391 0.1956468 -0.393122 -0.1044424 -0.2036975 -0.5395084 0.4749186 0.01410319 0.0118411 -0.4831243 0.1944721 0.5555291 0.3120543 -0.194381 0.2688611 -0.01977229 -0.09781963 -0.3047546 0.09388889 -0.3237048 -0.5425928 0.05781702 0.06170136 -0.3403861 0.06658661 -0.2142065 0.2838466 0.2873357 0.09157822 0.05097811 0.4808412 0.4902003 0.1852676 0.06671619 0.02979328 
-0.1455674 0.2062251 -0.2693091 0.4420192 -0.08943489 -0.09594836 -0.2028407 -0.1917122 -0.1588165 0.1522518 0.3211633 -0.02044754 0.3143831 0.07499686 0.2974582 0.4336349 -0.07387772 -0.4350688 0.2806605 -0.3346803 -0.4757079 -0.3720779 -0.4584215 0.2605659 -0.4855243 -0.2197884 -0.2692364 0.4123743 0.3357131 -0.3350906 0.1944014 -0.2400843 -0.3125555 0.1382495 -0.02769502 0.2546668 -0.2190036 -0.2930759 -0.3110419 0.3890251 0.2220834 -0.2161465 -0.2040191 -0.01244099 0.2802155 0.3057197 0.3927716 -0.3020129 0.3265203 0.1653129 
-0.02954238 0.424946 0.3988572 -0.03232465 0.1318429 -0.2405162 0.1430039 0.0006089865 0.4541431 -0.3672082 -0.3922975 -0.1264758 -0.09581208 -0.2995717 0.4960026 0.08328018 -0.1838694 -0.2664836 -0.4216577 -0.4786352 0.2622993 -0.2717134 0.3509257 0.4253468 0.0143669 0.1999742 0.2843772 0.03121151 0.4512884 -0.2472739 -0.0931799 -0.4002507 -0.407842 -0.3227918 0.1824058 0.3053521 -0.1583156 0.3249114 -0.4564165 -0.246668 -0.436264 0.2489252 -0.2651416 -0.4299064 0.2634057 -0.1610161 0.3285374 -0.3307801 0.0859564 -0.26952 
0.01026542 0.2009936 -0.4152499 0.2957638 0.4674412 -0.1795775 -0.4630565 0.515158 0.4748251 0.3945658 -0.1247207 -0.3569552 -0.07283573 0.254618 0.1894843 -0.4208566 -0.2454664 -0.2124345 0.02082859 -0.3169172 -0.2027391 -0.005418402 -0.3781353 0.3482535 0.4853158 0.397931 0.4231649 0.272526 -0.2994157 -0.3639179 0.371532 0.2303545 -0.5282043 0.3058351 0.185544 0.2488958 0.482574 -0.1002176 -0.2519153 -0.1380135 0.2064264 -0.198201 0.3099702 -0.3304202 0.3590816 0.4237315 -0.1611152 0.05591767 -0.03684453 0.1544929 
-0.355444 0.08293656 0.07843476 -0.1692569 0.4062557 -0.4687435 0.07005417 -0.2699037 0.3057103 -0.4892941 -0.1398641 -0.2442646 0.2662123 0.33698 0.4774695 0.214265 -0.3757516 0.1325778 -0.4162407 0.4535311 -0.3726913 0.3604033 -0.5004728 -0.2913962 -0.01827202 0.4617969 0.1746715 0.456546 -0.4624329 -0.483739 0.07376584 -0.09337087 -0.1384473 0.1039594 0.4608487 -0.2176849 -0.4102061 0.1523436 0.396473 0.08998503 -0.3479559 0.2245164 0.06123567 -0.2610404 0.4832313 -0.05330059 0.06526958 0.4753644 -0.3184723 -0.3760467 
0.3058743 0.2032305 -0.04013596 -0.01132824 -0.009871744 -0.2188582 0.07981001 -0.1100213 0.3548665 0.4761169 -0.118242 0.127389 -0.2904011 0.2930564 -0.0602168 0.4280712 0.4126893 -0.3453135 0.3786342 0.2011333 0.08688074 -0.02730954 0.2410209 -0.02955904 0.2913652 -0.08018453 -0.2061025 0.2752396 -0.2911147 -0.4493184 -0.1352413 0.1891753 0.2493188 0.3972444 -0.2875404 0.3804884 0.4552055 0.3641841 -0.3860975 0.1873645 0.2129492 0.2212718 0.3142394 0.426301 -0.2721489 0.02916664 0.006715829 0.2680194 0.2972019 -0.4392901 
0.03654923 -0.06928328 -0.3868188 -0.008847396 0.04019346 -0.1665078 0.4517154 0.4907983 0.1873256 -0.4350729 0.4856744 0.3042935 -0.3134715 0.297119 0.1058513 0.1895531 0.3697691 -0.1923696 0.07958908 0.05717796 0.4720241 -0.4510596 -0.4418865 -0.3035392 0.4820674 0.3647218 0.1652111 0.3197185 -0.2571291 -0.2511093 0.4166613 0.01977173 0.4839541 -0.347586 0.009749243 0.4429027 0.09101341 -0.2525315 -0.1411359 0.3783514 0.4243257 0.4627979 -0.3396443 -0.4413165 0.1953185 0.4040501 0.04061321 -0.4862471 -0.1903479 0.03022245 
0.1530038 -0.3064008 -0.3125013 -0.267303 -0.418948 -0.01882908 -0.1202483 0.4055794 0.01104594 0.177578 0.1767137 -0.3609873 0.2609186 -0.06716195 -0.3465463 -0.03231451 0.3249956 -0.4692152 -0.2071723 0.1656988 -0.4007625 0.1200985 0.4607769 0.2051574 0.1340078 -0.4766545 0.3839079 0.5007983 -0.007868493 -0.4224831 -0.174884 0.1482789 0.006673247 0.2042731 0.1125233 0.2177207 -0.1668432 0.2411641 -0.4354233 -0.4695373 0.07353279 0.1852149 0.2484288 0.171509 -0.2980873 0.2865387 -0.3011744 0.2307233 0.3832167 -0.2638266 
-0.435595 0.007502873 0.2132081 0.1668695 -0.05075429 -0.4677181 -0.2766519 0.002818662 0.09630031 -0.421449 0.09094241 -0.1267326 -0.09717385 -0.07239573 -0.1382084 -0.4646621 0.1508751 -0.4281165 0.3227755 -0.05638542 -0.3588429 -0.41563 0.4630087 -0.2535361 -0.3953501 -0.07994429 0.3635561 -0.2009901 -0.01804239 0.3638583 0.3094819 -0.3383807 -0.4011225 -0.25015 -0.4839146 0.3338126 0.4273882 0.3675599 -0.2400671 0.08835749 -0.01146567 0.3333858 -0.3625549 -0.5007211 -0.05341968 -0.3135454 -0.2406526 -0.1761063 -0.1775627 -0.3042488 
-0.3282427 -0.3577679 0.4316037 -0.07572143 -0.4121537 0.4785848 0.05297161 -0.05800017 0.04866922 -0.5091197 -0.3304462 0.4339932 0.5150865 0.2316624 -0.2811283 -0.03698081 -0.2617889 -0.3579777 -0.055858 0.05124143 -0.4297905 0.2794254 0.2974559 -0.2566696 0.4237243 -0.2066317 0.4635323 0.4740514 0.3483071 0.3680311 -0.342229 0.03885956 0.4984691 -0.1760104 0.1815927 0.154459 -0.2913527 0.1402174 -0.3565597 -0.5137957 -0.2174288 -0.01312673 -0.19248 -0.2337148 -0.08784225 0.06313704 0.3608763 -0.1210535 0.2334835 0.4522031 
0.4320146 -0.4033681 0.3866422 0.2823614 -0.4131502 -0.1330161 -0.1453709 0.1888301 0.006380434 0.3360325 -0.4452374 0.0733152 0.1418446 0.1739356 0.3635364 0.0836623 0.4679065 0.1749471 -0.4640483 0.06038681 -0.2725823 0.09910857 -0.4756163 -0.07604157 -0.2432807 0.1292505 -0.008275361 0.03239773 0.2926604 -0.09684441 -0.07950906 0.0405523 -0.2933455 0.3459135 0.4616115 -0.443605 0.1801979 -0.3064274 -0.2691395 -0.1549413 -0.1743598 0.03938962 -0.3351227 -0.1998201 0.4494704 0.2079456 0.3207784 0.1212744 -0.1052509 0.3515789 
0.1014794 -0.3090956 -0.1221172 -0.3245107 0.2298632 -0.1714193 -0.409716 -0.05535722 0.02726492 -0.06721893 0.3870457 0.3103667 0.4146672 -0.3961118 -0.09553387 0.02881343 -0.1564482 0.2754081 0.2250831 0.317993 0.3897712 0.2558605 -0.04505026 0.2150003 -0.2831701 0.1864645 -0.04588527 0.22183 -0.005489579 0.01365753 0.3203076 0.3503259 -0.3339018 0.4635787 0.2988591 -0.2853708 -0.3242522 -0.5085815 -0.3910231 0.1254566 0.4902477 -0.2687282 0.1910169 0.2858409 -0.04965189 0.02885286 0.1562524 -0.4610333 0.3707751 -0.08937508 
-0.1875819 -0.4773982 0.4028071 0.1157387 0.4718388 0.3295821 0.2257816 0.1953916 0.4720109 -0.4039389 0.3746604 -0.1447515 0.4596598 0.4942442 0.1687101 -0.5089551 0.202661 0.4825369 -0.234623 -0.3326137 -0.1301546 -0.1440845 0.1905534 -0.4350958 0.3533204 0.1781781 -0.4239981 0.1599018 -0.3057438 0.2593392 -0.4680957 -0.09893505 0.3039035 -0.4660428 -0.2648393 0.3212387 0.4836872 0.09319855 -0.5036046 -0.4643661 -0.01037054 -0.01644107 -0.4647478 -0.4832585 0.2557215 0.1195033 -0.2844319 0.2107916 -0.3330218 0.002170044 
0.3906439 0.2034824 0.2924193 0.1550352 -0.4599353 0.4480322 -0.1496546 0.2782972 0.2542901 -0.3121697 0.2458664 -0.4309424 -0.009215393 -0.2975606 -0.5297782 0.04240669 -0.04129488 0.3956563 0.2979073 0.3775021 -0.5097956 -0.3820192 0.4537025 -0.1777675 0.1334426 0.3705865 -0.1477729 0.1869327 -0.08873098 -0.3490247 -0.01321751 -0.134128 0.08176935 0.2586851 0.3379773 -0.2085923 0.04122585 -0.4253994 0.4510224 -0.3411182 -0.02955995 -0.3210049 0.3299615 0.2938343 -0.238883 -0.05036501 -0.415593 0.2860321 -0.5351455 -0.3605852 
-0.3837543 -0.2289917 0.4168929 -0.2034542 -0.0624497 0.2563671 0.247795 0.02646436 -0.4396766 -0.2202395 0.1746951 0.1749237 -0.03730999 0.1151467 0.2870606 -0.2603261 0.05672364 0.192691 -0.1924511 0.1507414 0.4563122 -0.1147631 0.4957909 0.06544367 -0.1050836 0.3770042 -0.199883 -0.3409486 0.4434138 -0.2116483 0.2607804 -0.0132162 0.1494069 -0.338938 -0.4320492 -0.2808442 0.04874307 -0.2474669 -0.1560595 -0.3051406 0.09344062 -0.4408364 -0.3995701 0.1682165 0.02995588 0.307896 0.1674272 -0.2693939 -0.4669803 -0.4564454 
0.3798714 -0.1002908 -0.007942763 -0.1811523 -0.2617462 0.2443069 -0.2218641 -0.1559549 0.409977 0.002957721 -0.07946908 0.06056152 0.07077525 0.2642346 0.02442804 -0.2893805 0.4884835 -0.2012142 0.02131584 0.0494132 0.2683225 -0.2031418 -0.1396883 -0.3141358 -0.424024 0.3677932 -0.2142758 -0.1889292 -0.4497221 0.06394643 -0.2295699 -0.4183529 -0.3085947 0.4291409 -0.1124908 -0.1562744 0.5016949 -0.1737651 0.4329788 -0.1776033 0.4408413 -0.339642 -0.1533577 0.3200007 0.2363512 -0.4571837 0.012716 -0.1540999 -0.3425306 -0.2031907 
0.3135008 -0.1525348 0.2002659 -0.05018777 -0.2429621 0.06797911 -0.4601462 -0.1942439 -0.2560925 -0.1316241 -0.03547867 0.4529234 -0.1902921 -0.1728925 -0.2529063 -0.1697486 -0.12307 0.1426853 -0.1397502 -0.3266348 -0.2783296 0.1612685 -0.1132225 -0.293908 0.1140572 0.1232628 0.4648105 0.03831815 -0.06643038 -0.45346 -0.1290607 0.4258668 -0.337244 0.2393514 0.2622185 0.4159674 -0.1103951 0.2333079 0.1635029 0.328218 -0.1873419 0.1874913 -0.4088033 0.0521259 0.3508536 0.4833974 0.3445341 -0.4858672 0.06783348 -0.08527047 
0.1385774 0.3803567 0.4913924 0.5032816 -0.3982775 -0.3453302 0.4381398 0.0140414 0.3180332 0.1535308 0.09006323 -0.008812405 0.3538171 -0.3174699 0.5028632 0.05761988 0.3108956 0.09054501 0.07862998 -0.1499038 0.4587503 0.1438397 0.4907955 0.01473138 0.3798051 0.04162123 0.05240549 0.3651758 -0.1654103 0.133296 0.2582678 0.4692796 0.4495576 -0.481214 -0.09008928 0.02742044 0.4258646 -0.3027529 0.1534887 0.1075377 0.4601845 0.3753698 0.3759884 -0.4541368 -0.2559737 0.2887821 0.3109575 0.419808 0.03878403 -0.1670279 
-0.2842442 -0.218211 -0.03435329 -0.2852657 -0.04845123 -0.5014237 0.3970353 -0.06257749 -0.3871488 0.02292761 0.1000373 -0.3609609 -0.3350304 -0.3172142 0.331416 0.145032 0.009161034 0.3310966 0.3012138 -0.008884185 0.07995299 0.1183114 0.4250609 0.4749852 -0.1492643 -0.4382603 0.2698143 0.4566567 -0.1692887 -0.458826 0.2274976 0.151183 -0.1939597 -0.4632271 -0.08409276 -0.01656086 -0.01590448 0.2050531 0.03297975 -0.1450652 0.1207941 -0.003860128 -0.4263256 -0.3845969 -0.4909396 0.3432511 0.2625021 0.1718101 -0.3401047 0.04712695 
-0.2269836 0.4511831 -0.4051734 -0.4324643 0.2133197 0.06299949 -0.1449983 0.004181458 0.3509624 -0.06498352 -0.2276277 0.4107568 -0.3486919 -0.4353403 0.3297021 0.4249021 0.3481531 -0.3957126 0.2805411 -0.1388692 -0.3413858 0.2944836 -0.1808116 -0.07237242 0.36776 -0.3593358 0.05419553 0.3207733 0.4137782 0.03281305 -0.2184407 -0.4444042 0.2741626 0.2431917 0.2768662 0.266838 0.07249333 -0.2783098 -0.1740328 0.3583228 -0.3392935 0.4943794 0.3665338 -0.3822747 -0.3886985 0.1952159 -0.185284 0.479284 -0.2217298 -0.36633 
0.4751777 0.1482884 0.4115275 0.3380502 -0.07271652 -0.02520133 0.1433927 0.1747229 -0.293768 0.08775973 -0.4837686 0.04778305 0.07190791 -0.1779974 -0.35565 -0.2708339 -0.3387355 -0.06921922 -0.193762 -0.4298655 -0.1690191 0.1281442 0.2553152 0.3969159 -0.2937572 -0.3372078 0.4284714 -0.2925324 -0.1899652 -0.3169783 0.3063654 0.08751792 0.01396038 0.2846943 0.06971029 0.1477239 -0.3824603 0.4618824 -0.1905954 -0.2016804 -0.3826966 0.4084699 -0.4833848 0.2456985 0.3523973 0.09808864 -0.09009743 0.04946927 0.4738264 0.4011432 
0.06680986 0.3892363 0.17248 -0.3009871 0.2886116 -0.1642849 0.3985739 -0.4937293 0.1242298 -0.2606231 0.05676222 -0.05889025 -0.135842 -0.4847926 0.2380727 -0.05148932 -0.4954414 0.2738476 0.262805 0.007177246 -0.4261629 -0.2899758 -0.4030813 0.5167276 0.4243066 -0.06972527 0.1290169 -0.4773739 -0.4184269 0.08939029 0.2452893 -0.1278547 -0.2472713 -0.07300387 0.1004033 0.3982799 0.3689249 -0.216299 0.4677301 -0.3266215 0.2509971 -0.3840503 -0.164264 -0.4369521 0.2460231 0.1870539 0.06905734 0.466838 0.4776545 -0.1221744 
0.07200264 0.1233305 0.2902349 -0.02891305 0.2997094 -0.1548058 0.2930422 0.1854415 -0.2321824 -0.08791351 0.24853 0.3640372 0.4623849 -0.4670913 0.02235397 -0.3521928 -0.285163 0.4170537 -0.08093841 0.3491372 0.0514305 0.215853 0.3198884 0.05784904 0.2544024 0.4997489 0.3756801 -0.4495736 -0.2709858 -0.2322372 0.3188997 0.1266003 -0.4807978 0.1668489 -0.4777701 -0.3764486 0.1046613 0.2685162 0.1328704 -0.2253236 -0.3721057 -0.2898604 -0.4701557 0.07391781 -0.04768251 0.3821751 -0.3711362 -0.2178029 0.03870482 0.1300258 
-0.04391478 0.1608735 0.06969666 -0.3420222 0.3590696 0.3624627 0.3030825 -0.2663646 0.2188343 0.3042647 -0.0404837 0.2553972 -0.05936948 -0.4914623 0.09047138 -0.3761152 0.3534402 -0.1878865 -0.4858399 -0.1054943 0.04179562 -0.0526261 -0.2244221 -0.3728311 0.2262174 -0.1736563 0.1830312 -0.2582159 -0.395974 0.3758883 0.3706375 0.1055449 -0.003498246 0.1041418 0.3140034 -0.3291811 -0.44588 0.3811742 0.3103933 -0.329333 -0.1877159 -0.1267527 -0.4548081 0.3327275 0.3152507 -0.1300505 0.2624159 -0.4701953 0.4965716 -0.1720557 
-0.4268164 0.3203866 -0.2378427 -0.3953707 -0.4421183 -0.5130037 -0.09814729 -0.09713525 -0.07852188 -0.01683552 -0.2976461 0.06010876 -0.3519347 0.327309 0.38539 0.375792 -0.2873319 0.30739 -0.2881522 -0.06462628 -0.4544381 0.4786575 -0.008912474 0.3837348 -0.449313 -0.3097377 -0.06723396 -0.04691109 -0.135921 -0.1681608 0.07325148 0.1313321 -0.2067909 0.2860757 0.2931176 -0.4885121 -0.2017391 -0.1691598 0.009257654 0.2474033 0.2724265 0.145665 -0.03907405 -0.1959644 0.4647774 0.2771439 -0.2354684 -0.3258989 0.3814048 0.4032477 
-0.3544591 0.4218204 0.3361486 0.047668 -0.280015 -0.4313047 -0.1520541 -0.1128074 -0.4230396 0.419677 0.129698 0.4535499 -0.3723093 -0.396377 0.4457867 -0.02815262 -0.2190322 -0.1984658 -0.4939017 0.3606707 0.01506833 0.3796248 -0.1683351 -0.07017809 0.120888 -0.0445096 0.05074015 -0.3216616 0.3766061 -0.1800768 0.4077013 -0.3192543 0.04732183 -0.1058664 -0.29972 0.1243952 0.3557576 0.1708456 0.06894978 0.2693909 0.2158289 0.4473526 -0.174972 0.07316189 -0.3513336 0.3528589 0.01599663 -0.1578581 -0.1514074 -0.01918581 
-0.01882396 0.4492904 -0.3243505 -0.4938978 -0.1240768 -0.2642524 0.1123799 -0.110402 0.4334636 0.2446583 0.05270674 -0.3641883 0.07739249 0.2251595 -0.4696764 -0.0873154 -0.111518 0.1889635 0.3698103 -0.1925126 0.1325633 0.1167134 0.2676831 -0.2212406 -0.3612232 0.1185713 0.09694698 0.2464974 -0.2316682 0.2913663 0.4787495 -0.3511455 0.382633 -0.1435415 0.3485382 0.4122832 -0.4844393 -0.03135264 0.4992485 0.4607601 -0.4529508 -0.05048584 0.279466 0.288293 -0.3013274 0.1009202 -0.1214994 0.06985948 0.003105168 0.2232242 
-0.08078117 0.2868859 -0.008134171 -0.4598648 0.3428929 0.3593734 -0.3192827 0.4141513 0.3956027 0.2961454 0.1664832 0.3562666 -0.3266134 -0.3525541 0.3199561 -0.1683606 -0.2222436 -0.3037233 0.3280232 -0.4040993 -0.1058842 0.4209927 0.2242539 0.3963986 -0.2418207 -0.2881605 0.3455975 0.4694851 -0.4648117 0.09445659 -0.2558664 0.4844117 -0.2693779 -0.01149765 -0.1137644 -0.3215664 0.2142426 0.3183969 0.02614483 -0.4497057 0.2608048 -0.388155 0.1285046 -0.3128982 -0.1959932 -0.292082 -0.2412968 0.1443345 0.493281 0.3664947 
-0.2146903 -0.3219866 0.2476737 -0.07542535 -0.1225595 0.01562435 -0.4531645 0.1200971 0.2753547 0.1255257 0.4780266 -0.324496 0.3561175 -0.207814 0.08945195 0.1883171 0.131462 0.2032726 0.2328563 0.1269863 0.1943382 -0.0467347 0.1854151 0.2903721 -0.1264735 -0.245382 -0.2284334 0.02783094 0.06654163 -0.4475079 0.4813071 -0.2750525 -0.5063465 -0.3217612 -0.2021878 -0.4301274 -0.2375096 0.3487816 -0.3561889 0.4068019 -0.3866976 -0.4339612 -0.4844128 0.407747 -0.4453942 0.05890617 -0.2676967 -0.1373419 0.1383236 0.1324643 
0.09440044 0.06282571 0.4062091 -0.1557714 -0.3098713 0.3437185 0.00189319 0.4189485 -0.4492283 -0.4236365 -0.2900919 0.02906857 -0.4860215 0.2281787 0.1159499 0.2912029 -0.3281013 0.2041167 -0.4935931 0.01499758 -0.05556697 0.2842952 0.04748585 0.3538964 0.01248639 0.08865851 -0.07403882 0.2721224 0.2847346 0.2784244 -0.4570763 0.4468459 0.4020617 0.4746526 -0.04195751 -0.07799977 -0.201548 0.1681382 0.4785722 -0.06971079 0.04921769 -0.1738683 0.2787972 -0.4435387 0.1744201 0.08686263 -0.4261065 -0.1966944 -0.2076264 -0.2589784 
-0.08057692 0.02941896 -0.1653303 -0.4007616 -0.3506666 0.2961896 -0.4688828 -0.4644468 0.3350056 0.0862072 -0.06051217 0.2302666 -0.3463216 -0.2333161 -0.4807261 -0.2365402 0.111402 -0.4791278 -0.2296161 -0.3046443 -0.02451 0.006379297 0.2219205 0.09467804 0.4479519 -0.3631204 -0.4771403 -0.008622429 -0.3056146 0.4231791 0.01890111 -0.3976279 -0.00261272 0.04088419 -0.1411726 -0.005842937 0.09756624 0.2672849 0.3023007 0.1336551 -0.09222665 -0.2362056 0.3515993 -0.1233595 -0.5064875 0.331998 -0.3052336 -0.01162937 -0.4874485 -0.102614 
0.4160457 -0.4641117 -0.4783576 -0.3609729 0.2902053 0.4110076 0.2796814 0.3042951 -0.3619144 -0.4128134 0.277441 0.02183579 0.3348809 0.3969503 -0.3865747 -0.1782455 -0.2106154 0.1357338 0.3982433 0.02692889 0.1914749 0.3463886 -0.2763517 0.09439171 0.3285966 -0.2551979 0.125487 -0.1350154 0.02262034 -0.3279606 0.4046197 0.04210893 -0.07171545 0.254236 0.5116618 0.01991271 -0.4132466 -0.07740773 0.2711527 -0.01245242 0.2028055 0.3058584 0.1069642 0.2526278 0.3846158 0.349349 -0.1426341 0.4622929 -0.1951769 0.2504558 
0.06987257 0.09530005 0.1049551 0.001796786 0.2661019 -0.3889557 0.2997938 -0.08489989 -0.1943661 0.004890333 -0.269402 -0.04653612 -0.302255 -0.4971237 -0.3868344 -0.1899254 -0.44078 -0.3844896 0.4369885 0.1130283 -0.2814103 0.366742 0.3022727 -0.08317282 0.3198383 0.307743 -0.2909565 -0.02881867 0.276116 0.404638 0.3731075 0.2346711 -0.440374 0.3553727 0.07506788 -0.160188 0.3897698 0.4705952 0.4976852 0.3561059 0.1760083 0.1696588 -0.4337066 -0.2093553 -0.2523901 -0.256198 0.1441122 0.131588 0.1461078 0.04194355 
0.2884575 -0.2581836 -0.5343381 0.2116881 0.02782835 0.232054 0.2821229 -0.2767354 0.2096369 0.4951648 0.3750773 -0.1506808 0.1000438 -0.06292995 0.1577323 -0.008837999 -0.06886543 -0.1194038 -0.0867973 0.2551481 -0.05509308 -0.4045229 -0.4126528 -0.4508935 0.471405 0.02596093 0.2599995 -0.008818543 -0.3613422 0.1180021 -0.3439611 0.1190119 0.286292 -0.2763676 -0.3814394 0.1535134 0.2559808 -0.08044522 -0.1501417 0.3934892 0.03795659 0.1704256 -0.2271571 -0.4974733 0.49122 -0.1755627 -0.4763089 0.1888288 0.2051026 0.2810483 
0.3131824 -0.2008172 -0.3197744 0.4085767 -0.3321191 0.2512083 -0.3778997 0.4634237 0.2394435 0.4860255 0.3851736 -0.221844 -0.5231998 -0.3848461 0.3338898 -0.1735686 0.05365309 -0.06526405 -0.1872092 -0.4957914 0.3051251 -0.4883531 0.4774833 0.04168866 -0.2315889 0.1934869 0.2638621 -0.4163051 -0.4192763 0.1281848 -0.01047974 -0.335602 0.3128045 -0.07805971 0.257147 0.3934181 -0.09728754 0.4883585 -0.4075558 -0.1327344 -0.02592406 0.2687887 0.1243102 -0.100221 0.4947084 -0.2571375 0.1828501 -0.3011557 -0.2423318 0.1767184 
0.3431866 0.1295638 -0.1320909 0.1321476 0.4572593 0.3398838 -0.160835 0.1062341 0.1476401 -0.09651988 0.4421812 -0.4202882 0.3283706 -0.3506687 -0.06594864 0.2494038 -0.09386148 0.06572364 -0.1315035 0.4203199 0.4055304 0.06715199 -0.2027115 0.4860798 0.01013164 0.4448804 -0.1113561 0.04517835 0.1306955 0.447549 -0.4545215 0.1049569 0.3636433 -0.0250097 0.2561786 0.3464836 0.2946259 -0.324445 -0.04599423 0.3879303 0.03423697 0.2842682 -0.1688071 0.1760987 -0.1058587 -0.07502201 -0.4850753 -0.01978854 0.481319 -0.3493847 
0.3521865 -0.398616 0.2834859 -0.2257497 0.1994562 -0.2639869 -0.1434138 -0.1342528 -0.399498 -0.4936599 -0.01268589 0.2329272 -0.4689271 0.1585784 -0.1108375 -0.1656384 -0.2902155 -0.185486 -0.1130915 0.09242862 -0.5055096 -0.2720677 -0.3591727 0.01800522 -0.1026952 -0.3085633 -0.2330109 0.11961 0.0671044 -0.40007 0.4544319 0.3513803 0.1108618 -0.05860281 -0.3897936 0.3989049 0.3152039 0.04380656 0.260389 -0.0007515513 0.02094766 -0.08799709 -0.4155938 -0.06284176 -0.1051339 0.2993526 0.2366349 0.1201958 -0.2493052 -0.4028011 
-0.2940851 0.1729339 -0.3584737 -0.1142842 -0.3502197 0.08600774 0.4700519 -0.2458122 0.3602996 0.03127266 -0.4783494 0.2275468 0.3388373 -0.5134059 -0.4580108 0.1337347 -0.3686451 0.06632303 0.07424943 0.01599257 -0.05322498 0.1576439 0.0643838 0.3493341 -0.4607078 0.1293354 -0.3281526 0.2219874 -0.3784044 0.08989184 -0.08148308 0.1061305 -0.1514235 -0.0403556 0.4137405 -0.22894 0.1984158 -0.3192789 -0.227348 -0.003390716 0.45572 0.08961097 0.1888888 -0.2680969 0.004092084 0.2779522 0.07374544 -0.4394307 -0.1518273 0.2823046 
0.1138987 -0.3305668 -0.4280165 0.3044655 0.1788617 0.05097304 -0.4061554 -0.1691164 -0.1410472 0.09092992 -0.07879559 -0.2372519 -0.3678511 -0.2246967 -0.3475716 -0.128165 -0.05447574 -0.09045143 -0.4358578 0.2653371 0.4177464 0.4508213 -0.1899405 -0.4737372 0.08512611 0.3639153 0.4543217 -0.1642508 -0.210448 -0.190811 -0.4783047 -0.3841851 -0.1945736 -0.2010058 0.5025561 -0.2085874 0.07587851 0.09255763 0.2998883 -0.07165295 -0.3272247 -0.1076096 0.3261278 0.205847 -0.4072292 0.17057 -0.08750122 -0.05205625 -0.3801271 -0.3273795 
-0.1571838 -0.3047504 -0.5147276 0.1144509 0.4265122 0.1956152 0.3442361 -0.4498599 -0.2902255 0.2718013 0.03172291 0.2756908 0.463116 -0.4487724 0.0306448 -0.1126868 0.4319395 0.3706586 -0.2014681 0.3765029 0.3489834 0.3564681 0.0686094 0.1507453 0.1134372 -0.02782151 -0.4134248 0.1097489 0.4669213 0.3747175 -0.03424392 0.08160708 -0.2712645 -0.3239022 0.4421601 0.344497 -0.4273764 0.2503183 -0.1209098 -0.230347 -0.09172294 -0.005763483 -0.1628817 -0.4662498 0.3811191 -0.1148952 -0.06092434 0.2941506 -0.3190573 0.205279 
0.262646 0.05754042 -0.3784452 -0.2610304 -0.1835471 -0.0007504043 0.1036377 -0.1560238 -0.5178719 -0.03746575 0.09196837 -0.2573026 -0.4557447 -0.1589159 -0.2209142 0.4857099 0.04704597 0.3069265 -0.3626758 0.2036437 -0.2031482 -0.3156196 -0.03573012 -0.4980113 -0.03074464 -0.1601596 0.0004523714 0.05768711 0.288958 -0.2907985 -0.5015242 -0.1772764 -0.09526699 -0.2119624 -0.4013322 0.4377025 -0.07491041 -0.4750338 0.3703904 -0.08396912 -0.2898819 0.2394826 0.2177173 0.4520805 0.1908241 -0.3593643 -0.05886443 0.5011438 0.2534397 0.407712 
0.3506931 0.1680636 0.1716746 -0.007774927 -0.08750492 0.1086915 -0.4219375 -0.3805326 0.2865808 0.4855284 0.4772138 -0.4100023 0.02587069 0.3169031 -0.04256999 -0.2415441 0.3433774 0.2727913 -0.2485725 -0.1709826 0.03806898 0.01577325 0.433112 0.2149251 -0.004390236 0.004363295 -0.06156405 0.0005149029 -0.1710777 -0.1994859 0.3825943 0.03516565 0.2673599 0.4087518 -0.1448143 -0.1309208 0.1899459 0.4374698 0.4055753 0.02076213 0.3409591 -0.1800042 -0.2700732 0.3990824 -0.06142618 -0.3780726 -0.2758242 0.4579237 0.03350928 -0.09652823 
#
-0.2300728 0.1255142 0.2991126 -0.1442911 -0.1179126 -0.167442 0.1620137 0.3270052 0.3817798 0.3056864 -0.4258353 0.18198 0.2727553 0.003155965 -0.3762829 -0.1274992 -0.2836004 0.05869098 0.03471794 -0.4540858 0.2262462 0.3515797 0.2653767 0.2483911 0.005646358 -0.3274844 -0.2078471 -0.5276906 -0.2755898 -0.1247393 -0.2364131 0.08332859 -0.4462579 0.3526346 0.4102725 -0.1961178 0.2972541 -0.1446019 -0.006121462 -0.5866159 0.1709833 0.2924806 0.5289534 -0.4318393 -0.261059 -0.2998869 0.03787914 0.3826637 0.3179559 0.4522524 
0.2594851 0.06452896 0.06932918 -0.1155115 0.2293692 -0.18253 0.2145622 0.3364427 0.2845672 -0.4319114 -0.5001968 0.3028362 0.09995976 0.1425831 0.07015952 0.02636778 0.01468502 0.2635088 0.07915489 0.3131085 0.2655211 0.3228852 -0.5215282 -0.04397245 -0.04805131 0.4490185 0.4122207 0.3107114 -0.07683955 -0.1282765 0.1074254 0.1237038 -0.1753705 -0.2365235 -0.02504889 0.3465612 -0.5456067 0.045193 -0.2671086 -0.01799422 -0.08437664 0.4417302 0.07462242 -0.1074921 0.3661518 0.3252966 -0.5410748 -0.09535694 -0.1213585 0.2697137 
#
##### Level: 1  Time: 3.444 #####
##### 2022/12/19 15:31:14 ##### Type: Tanh
